spikerate ITI cue push reward
2.71330567193218 1 0 0 0
2.39276487263851 1 0 0 0
2.58032744750381 1 0 0 0
2.70102909416892 1 0 0 0
3.72112591867335 1 0 0 0
3.08903070981614 1 0 0 0
3.92640044447035 1 0 0 0
3.46197219914757 1 0 0 0
3.14028855063953 1 0 0 0
2.17866848106496 1 0 0 0
2.36317663802765 1 0 0 0
1.6436067817267 1 0 0 0
1.32170232245699 1 0 0 0
0.882664187429327 1 0 0 0
0.84082322428003 1 0 0 0
0.613818720012205 1 0 0 0
0.644903030661226 1 0 0 0
1.17946113459766 1 0 0 0
0.883857002918376 1 0 0 0
1.11998507418321 1 0 0 0
0.828285628813319 1 0 0 0
0.673766200634418 1 0 0 0
0.599588815020979 1 0 0 0
0.775487818827969 1 0 0 0
0.861508626258001 1 0 0 0
1.13583658094285 1 0 0 0
1.27585902009741 1 0 0 0
2.2492035641335 1 0 0 0
3.02074078354053 1 0 0 0
2.14296978083439 1 0 0 0
2.93182543828152 1 0 0 0
2.79046283685602 1 0 0 0
2.53547777538188 1 0 0 0
1.20444702042732 1 0 0 0
0.62299952696776 1 0 0 0
0 1 0 0 0
0 1 0 0 0
0 1 0 0 0
0 1 0 0 0
2.25807994138449 1 0 0 0
4.57554633612745 1 0 0 0
7.23765551811084 1 0 0 0
10.1122619817033 1 0 0 0
15.4596818611026 1 0 0 0
19.5304658263922 1 0 0 0
22.915942594409 1 0 0 0
22.9413909837604 1 0 0 0
24.8935539275408 1 0 0 0
22.6167165674269 1 0 0 0
19.8509134352207 1 0 0 0
14.4499149173498 1 0 0 0
10.645511909388 1 0 0 0
8.33034259267151 1 0 0 0
5.99096424411982 1 0 0 0
4.19474142836407 1 0 0 0
3.07986974075902 1 0 0 0
2.68946657888591 1 0 0 0
2.29078712254704 1 0 0 0
2.54881713772193 1 0 0 0
2.35088098270353 1 0 0 0
2.11983699409757 1 0 0 0
2.01719321194105 1 0 0 0
1.81514941505156 1 0 0 0
1.51632112101652 1 0 0 0
1.6128447605297 1 0 0 0
1.07302580727264 1 0 0 0
1.15387341065798 1 0 0 0
1.08938929042779 1 0 0 0
0.991310822428204 1 0 0 0
0.721631942724343 1 0 0 0
0.562616718525533 1 0 0 0
0.607076872256584 1 0 0 0
0.456140594906174 1 0 0 0
0.476157099910779 1 0 0 0
0.388019907404669 1 0 0 0
0.250989808591839 1 0 0 0
0.143125242175302 1 0 0 0
0.309194434521487 1 0 0 0
0.254972786933649 1 0 0 0
0.280108721199213 1 0 0 0
0.223557139520381 1 0 0 0
0.17546665185364 1 0 0 0
0.207955949008465 1 0 0 0
0.367929556524871 1 0 0 0
0.426480033638654 1 0 0 0
0.410663531511091 1 0 0 0
0.52505038183881 1 0 0 0
0.73165070352843 1 0 0 0
1.05784827610478 1 0 0 0
1.18257476424333 1 0 0 0
1.86516068060882 1 0 0 0
2.63615563744679 1 0 0 0
2.95815616846085 1 0 0 0
3.78200697014108 1 0 0 0
5.30367158353329 1 0 0 0
5.98885829094797 1 0 0 0
8.13806510996073 1 0 0 0
10.5342235183343 1 0 0 0
14.7009729407728 1 0 0 0
15.876253368333 1 0 0 0
14.8128997534513 1 0 0 0
13.4176281280816 1 0 0 0
10.5101405642927 1 0 0 0
9.19737014919519 1 0 0 0
6.64609670639038 1 0 0 0
5.85207698168233 1 0 0 0
3.88895370997488 1 0 0 0
2.96924880240113 1 0 0 0
2.35491362400353 1 0 0 0
2.25944619160146 1 0 0 0
1.66145185357891 1 0 0 0
1.46875697100768 1 0 0 0
1.53806374873966 1 0 0 0
1.62913122039754 1 0 0 0
1.46355867036618 1 0 0 0
1.41411405638792 1 0 0 0
1.26709805044811 1 0 0 0
1.28867762396112 1 0 0 0
0.934046853217296 1 0 0 0
0.750000377593096 1 0 0 0
0.731831751181744 1 0 0 0
0.634748299489729 1 0 0 0
0.402647069222439 1 0 0 0
0.31298138492275 1 0 0 0
0.409236268751556 1 0 0 0
0.350684014847502 0 1 0 0
0.297100417810725 0 0 0 0
0.422529552452033 0 0 0 0
0.322289481118787 0 0 0 0
0.285339581751032 0 0 0 0
0.270187436399283 0 0 0 0
0.224373165110592 0 0 0 0
0.184442197223689 0 0 0 0
0.13513485976091 0 0 0 0
0.0737845002731774 0 0 0 0
0.0454489641015243 0 0 0 0
0 0 0 0 0
0 0 0 0 0
0 0 0 0 0
0 0 0 0 0
0 0 0 0 0
0 0 0 0 0
0 0 0 0 0
0.0398443553422112 0 0 0 0
0 0 0 0 0
0.130378638914408 0 0 0 0
0.00310899049438262 0 0 0 0
0.120170643640449 0 0 0 0
0.121866214612965 0 0 0 0
0.168919843417825 0 0 0 0
0.195655463130606 0 0 0 0
0.158344074407069 0 0 0 0
0.307371326925931 0 0 0 0
0.248237050982425 0 0 0 0
0.108871796783205 0 0 0 0
0.0697064697305905 0 0 0 0
0.136143617055495 0 0 0 0
0.156810129738005 0 0 0 0
0.339189267833717 0 0 0 0
0.0711592842890241 0 0 0 0
0 0 0 0 0
0 0 0 0 0
0 0 0 0 0
0 0 0 0 0
0 0 0 0 0
0 0 0 0 0
0 0 0 0 0
0 0 0 0 0
0.524555895026424 0 0 0 0
3.12117443536408 0 0 0 0
6.69520889641717 0 0 0 0
7.33648031018674 0 0 0 0
6.61524618044496 0 0 0 0
4.26712114131078 0 0 0 0
3.88345465762541 0 0 0 0
3.60811123391613 0 0 0 0
2.68071138998494 0 0 0 0
2.05742105026729 0 0 0 0
1.39954195765313 0 0 0 0
1.32642035896424 0 0 0 0
0.928311332245357 0 0 0 0
0.768785132095218 0 0 0 0
0.843827278004028 0 0 0 0
0.858075742144138 0 0 0 0
1.08833877311554 0 0 0 0
1.37244540383108 0 0 0 0
1.81241452810355 0 0 0 0
2.1569806849584 0 0 0 0
2.97785116708837 0 0 0 0
3.61749774310738 0 0 0 0
3.75287397764623 0 0 0 0
3.9778184145689 0 0 0 0
4.35783748980612 0 0 0 0
4.47053683456033 0 0 0 0
4.35924879275262 0 0 0 0
5.99448464345187 0 0 0 0
7.08708929596469 0 0 0 0
10.0724736694247 0 0 0 0
12.7899842336774 0 0 0 0
14.6918236277997 0 0 0 0
14.2403438221663 0 0 0 0
13.6166960000992 0 0 0 0
12.2282550437376 0 0 0 0
10.6765369419008 0 0 0 0
8.4857129259035 0 0 0 0
7.16745259705931 0 0 0 0
4.94704942684621 0 0 0 0
4.47123992489651 0 0 0 0
3.68075381265953 0 0 0 0
3.63911176100373 0 0 0 0
3.63655609544367 0 0 0 0
4.41651162691414 0 0 0 0
5.73021359741688 0 0 0 0
6.48002640809864 0 0 0 0
5.6899503688328 0 0 0 0
4.85289550852031 0 0 0 0
4.27292450331151 0 0 0 0
3.43995029106736 0 0 0 0
2.5842891773209 0 0 0 0
2.25822115316987 0 0 0 0
1.72480317996815 0 0 0 0
1.24042032985017 0 0 0 0
1.19787876610644 0 0 0 0
1.24439237697516 0 0 0 0
1.05458307371009 0 0 0 0
1.27144454745576 0 0 0 0
1.18297468725359 0 0 0 0
1.39751689857803 0 0 0 0
1.00328011467354 0 0 0 0
1.32192949240562 0 0 0 0
0.832929261378013 0 0 0 0
0.742144962714519 0 0 0 0
0.749511338653974 0 0 0 0
0.843744874146068 0 0 0 0
0.289734802208841 0 0 0 0
0 0 0 0 0
2.63587683730293 0 0 0 0
5.70237473584712 0 0 0 0
13.3938958169892 0 0 0 0
22.5178904365748 0 0 0 0
25.021880865097 0 0 0 0
22.844780003652 0 0 0 0
20.0048459228128 0 0 0 0
12.6668707234785 0 0 0 0
8.35933990310878 0 0 0 0
5.61109348200262 0 0 0 0
3.27639096940402 0 0 0 0
1.90692748583388 0 0 0 0
0.836535669805016 0 0 0 0
0.594598339375807 0 0 0 1
0.163457363669295 0 0 0 1
0.073707149567781 0 0 0 1
0.0840694149246701 0 0 0 1
0 0 0 0 1
0 0 0 0 1
0 0 0 0 1
0 0 0 0 1
0 0 0 0 1
0 0 0 0 1
0 0 0 0 1
0 0 0 0 1
0 0 0 0 1
0 0 0 0 1
0 0 0 0 1
0.0472914889542153 0 0 0 1
0.093611470219912 0 0 0 1
0.381476538677816 0 0 0 1
0.343168609106215 0 0 0 1
0.346898657141992 0 0 0 1
0.358936653356068 0 0 0 1
0.331522901433345 0 0 0 1
0.390685861930251 0 0 0 1
0.353658011590596 0 0 0 1
0.426631232357977 0 0 0 1
0.54393297250499 0 0 0 1
0.664184255583677 0 0 0 1
0.687981479131849 0 0 0 1
0.963476239121519 0 0 0 1
1.19727959099691 0 0 0 1
1.54860698967241 0 0 0 1
1.69562568771653 0 0 0 1
17.0349341351539 1 0 0 0
16.6152662131935 1 0 0 0
16.7731395922601 1 0 0 0
15.4724318999797 1 0 0 0
13.0704557523131 1 0 0 0
10.2815844584256 1 0 0 0
7.78316869400442 1 0 0 0
6.17459474597126 1 0 0 0
4.57444932544604 1 0 0 0
3.76454144134186 1 0 0 0
2.93500674888492 1 0 0 0
2.26458586985245 1 0 0 0
2.31340285972692 1 0 0 0
1.86810849118046 1 0 0 0
1.56844941375311 1 0 0 0
1.13839114783332 1 0 0 0
1.1747214011848 1 0 0 0
1.07871620275546 1 0 0 0
1.34669875842519 1 0 0 0
1.20920440531336 1 0 0 0
1.40027109591756 1 0 0 0
1.10726097773295 1 0 0 0
1.81220157537609 1 0 0 0
2.07623280584812 1 0 0 0
2.69846792798489 1 0 0 0
1.88105067354627 1 0 0 0
1.64331392443273 1 0 0 0
1.33458948403131 1 0 0 0
1.44572620047256 1 0 0 0
1.41650765726808 1 0 0 0
1.45578986848705 1 0 0 0
1.34739046916366 1 0 0 0
1.44978747994173 1 0 0 0
1.51088177517522 1 0 0 0
1.51247519534081 1 0 0 0
1.37639364402276 1 0 0 0
1.40857874066569 1 0 0 0
1.28115229017567 1 0 0 0
1.03984498127829 1 0 0 0
1.00856681820005 1 0 0 0
0.911347473447677 1 0 0 0
0.699447424267419 1 0 0 0
0.632028146355879 1 0 0 0
0.703069730661809 1 0 0 0
0.643623905489221 1 0 0 0
0.663265404000413 1 0 0 0
0.558285879378673 1 0 0 0
0.492121140268864 1 0 0 0
0.435923039731279 1 0 0 0
0.389408970477234 1 0 0 0
0.374923687104456 1 0 0 0
0.279329487966606 1 0 0 0
0.339864378474886 1 0 0 0
0.212242073757807 1 0 0 0
0.444416445589013 1 0 0 0
0.343185056408402 1 0 0 0
0.640649886918254 1 0 0 0
0.736970443540486 1 0 0 0
0.920030302950181 1 0 0 0
0.611805397056742 1 0 0 0
0.930058551602997 1 0 0 0
0.894321987289004 1 0 0 0
0.805741736257914 1 0 0 0
0.506097929246607 1 0 0 0
0.488976088490745 1 0 0 0
0.408946492825635 1 0 0 0
0.355559588570031 1 0 0 0
0.258588184806285 1 0 0 0
0.267762873590982 1 0 0 0
0.299742072002118 1 0 0 0
0.570140120544238 1 0 0 0
0.386524570785696 1 0 0 0
0.415909753428423 1 0 0 0
0.314289009111235 1 0 0 0
0.417731979723612 1 0 0 0
0.0955767036430188 1 0 0 0
0.230027739235084 1 0 0 0
0 1 0 0 0
0.109975321720412 1 0 0 0
0.156586199409503 1 0 0 0
0.177234595184927 1 0 0 0
0.23943200130816 1 0 0 0
0.340140004482237 1 0 0 0
0.312096763082081 1 0 0 0
0.575385485717561 1 0 0 0
0.526196953614999 1 0 0 0
0.783229152148124 1 0 0 0
0.715607035090216 1 0 0 0
0.900584054761566 1 0 0 0
0.664082752336981 1 0 0 0
0.720315190847032 1 0 0 0
0.83321764759603 1 0 0 0
0.775561329646735 1 0 0 0
0.592085198150016 1 0 0 0
0.659395162074361 1 0 0 0
0.621282306383364 1 0 0 0
0.796787298895651 1 0 0 0
0.956489202508237 1 0 0 0
1.00466637377394 1 0 0 0
0.793209122093685 1 0 0 0
0.926061353311525 1 0 0 0
0.49596992903389 1 0 0 0
0 1 0 0 0
0 1 0 0 0
0.659479846945032 1 0 0 0
2.33424043108243 1 0 0 0
5.52558788331226 1 0 0 0
6.57775090076029 1 0 0 0
6.77679211366922 1 0 0 0
6.29014160949737 1 0 0 0
8.76305857673287 1 0 0 0
12.1286658104509 1 0 0 0
19.1645200829953 1 0 0 0
26.7654447816312 1 0 0 0
32.8792096115649 1 0 0 0
34.2809814028442 1 0 0 0
31.2199713662267 1 0 0 0
26.2386933900416 1 0 0 0
18.4665722772479 1 0 0 0
12.4825260136276 1 0 0 0
10.2579339873046 1 0 0 0
7.11557688191533 1 0 0 0
4.50555147835985 1 0 0 0
2.79838102869689 1 0 0 0
1.97173015476437 1 0 0 0
1.41894601256354 0 1 0 0
1.04690103034955 0 0 0 0
0.959675549438543 0 0 0 0
0.562652441999489 0 0 0 0
0.585588473768439 0 0 0 0
0.717924122000113 0 0 0 0
0.695184695359785 0 0 0 0
0.531714271346573 0 0 0 0
0.412918816437013 0 0 0 0
0.552767265617149 0 0 0 0
0.333887852320913 0 0 0 0
0.315611903374702 0 0 0 0
0.355367963493336 0 0 0 0
0.26077371694555 0 0 0 0
0.184553831047651 0 0 0 0
0.143134877362172 0 0 0 0
0.0322065789077897 0 0 0 0
0 0 0 0 0
0 0 0 0 0
0 0 0 0 0
0 0 0 0 0
0 0 0 0 0
0 0 0 0 0
0 0 0 0 0
0 0 0 0 0
0 0 0 0 0
0 0 0 0 0
0.186747686711897 0 0 0 0
0.422957029513782 0 0 0 0
0.204415009648073 0 0 0 0
0.346931403328199 0 0 0 0
0 0 0 0 0
0.295971956802532 0 0 0 0
0.00612107669439865 0 0 0 0
0.0600296116317622 0 0 0 0
0 0 0 0 0
0 0 0 0 0
0 0 0 0 0
0 0 0 0 0
2.56046553840861 0 0 0 0
6.79505223524757 0 0 0 0
8.43638277729042 0 0 0 0
8.11023660935462 0 0 0 0
4.95081319240853 0 0 0 0
2.94005207251757 0 0 0 0
1.44323166750837 0 0 0 0
1.59593275748193 0 0 0 0
0.899199261766626 0 0 0 0
0.8769050182309 0 0 0 0
0.403466896386817 0 0 0 0
0.297317368676886 0 0 0 0
0.377164542442188 0 0 0 0
0.414843072576332 0 0 0 0
0.00695520867566302 0 0 0 0
0 0 0 0 0
0 0 0 0 0
0 0 0 0 0
0 0 0 0 0
0 0 0 0 0
0 0 0 0 0
0 0 0 0 0
0 0 0 0 0
0 0 0 0 0
0 0 0 0 0
0 0 0 0 0
0.0166852041729726 0 0 0 0
0.218540855030369 0 0 0 0
0.408124503337604 0 0 0 0
0.40728322483119 0 0 0 0
0.505288557178574 0 0 0 0
0.407349369197618 0 0 0 0
0.398962469262187 0 0 0 0
0.420079384639394 0 0 0 0
0.474618977023056 0 0 0 0
0.431126687544747 0 0 0 0
0.493911509693135 0 0 0 0
0.444243847596226 0 0 0 0
0.256175995673402 0 0 0 0
0.114952075819019 0 0 0 0
0.15563215038128 0 0 0 0
0.230934369028546 0 0 0 0
0 0 0 0 0
0 0 0 0 0
0 0 0 0 0
0 0 0 0 0
0 0 0 0 0
0 0 0 0 0
0 0 0 0 0
0.0190921637113206 0 0 0 0
0.0559573090868071 0 0 0 0
0.14273063334258 0 0 0 0
0.240007695538225 0 0 0 0
0.244133223532117 0 0 0 0
0.294225943434867 0 0 0 0
0.264392383542145 0 0 0 0
0.383144018996973 0 0 0 0
0.458438840723829 0 0 0 0
0.396109000575962 0 0 0 0
0.490842307044659 0 0 0 0
0.444406599854119 0 0 0 0
0.423990364652127 0 0 0 0
0.246761971084197 0 0 0 0
0.32270396786771 0 0 0 0
0.212346525586327 0 0 0 0
0.121711377460088 0 0 0 0
0 0 0 0 0
0.0134081574287848 0 0 0 0
0.011426208402554 0 0 0 0
0.0359922669304069 0 0 0 0
0.21910876603215 0 0 0 0
0.188127954061201 0 0 0 0
0.241457346419338 0 0 0 0
0.337093180860393 0 0 0 0
0.431572141678771 0 0 0 0
0.35193851817894 0 0 0 0
0.367170952813467 0 0 0 0
0.318346263156855 0 0 0 0
0.298732009468949 0 0 0 0
0.219799527258147 0 0 0 0
0.179843279681791 0 0 0 0
0.139819039759459 0 0 0 0
0.146186768688494 0 0 0 0
0.19760583381867 0 0 0 0
0.114299780761939 0 0 0 0
0.271535486490393 0 0 0 1
0.170297782005946 0 0 0 1
0.162719940817624 0 0 0 1
0.0737384943931829 0 0 0 1
0 0 0 0 1
0 0 0 0 1
0 0 0 0 1
0 0 0 0 1
0 0 0 0 1
0 0 0 0 1
0 0 0 0 1
0.999401527224109 0 0 0 1
2.47540224518161 0 0 0 1
2.2624306511716 0 0 0 1
1.74097847411758 0 0 0 1
0.917639634280931 0 0 0 1
1.35648079049133 0 0 0 1
0.293986640372168 0 0 0 1
0.150363839566126 0 0 0 1
0.283808665699326 0 0 0 1
0.0984358157438692 0 0 0 1
0 0 0 0 1
0 0 0 0 1
0 0 0 0 1
0 0 0 0 1
0 0 0 0 1
0 0 0 0 1
0 0 0 0 1
0 0 0 0 1
0 0 0 0 1
0 0 0 0 1
0 0 0 0 1
0 1 0 0 0
0 1 0 0 0
0 1 0 0 0
0 1 0 0 0
0 1 0 0 0
0 1 0 0 0
0 1 0 0 0
0.0161035113706021 1 0 0 0
0.290619376755785 1 0 0 0
0.49863153253682 1 0 0 0
0.753364707634319 1 0 0 0
1.44642406667117 1 0 0 0
0.803551632998278 1 0 0 0
0.756132816604804 1 0 0 0
0.503079550981056 1 0 0 0
0.191533836186863 1 0 0 0
0.00772262137616053 1 0 0 0
0.0671038883410802 1 0 0 0
0.249446691668709 1 0 0 0
0.21529418972932 1 0 0 0
0.115203251880303 1 0 0 0
0.205918169740471 1 0 0 0
0.22817598801339 1 0 0 0
0.297187869733762 1 0 0 0
0.226319118155516 1 0 0 0
0.198497109522577 1 0 0 0
0.196287925973593 1 0 0 0
0.163904811415705 1 0 0 0
0.0282363501469263 1 0 0 0
0 1 0 0 0
0.0600827852395014 1 0 0 0
0.0516463551321067 1 0 0 0
0 1 0 0 0
0 1 0 0 0
0.0101035448096809 1 0 0 0
0 1 0 0 0
0.0670815792318535 1 0 0 0
0.0219394926261884 1 0 0 0
0.0389348260796396 1 0 0 0
0.0615612116234843 1 0 0 0
0.0802516960902722 1 0 0 0
0 1 0 0 0
0.0809946559456876 1 0 0 0
0.0242916357819922 1 0 0 0
0.120466988391854 1 0 0 0
0.160208067427448 1 0 0 0
0.284982193988981 1 0 0 0
0.212611446841038 1 0 0 0
0.32589351394563 1 0 0 0
0.279813488305081 1 0 0 0
0.330276231579774 1 0 0 0
0.306524432744482 1 0 0 0
0.376035739463987 1 0 0 0
0.388417561680399 1 0 0 0
0.39843166450737 1 0 0 0
0.399404529161984 1 0 0 0
0.257924383731734 1 0 0 0
0.330411865434144 1 0 0 0
0.26933108256344 1 0 0 0
0.258870469224348 1 0 0 0
0.273311126875342 1 0 0 0
0.281478605757002 1 0 0 0
0.365541458450025 1 0 0 0
0.320227118209004 1 0 0 0
0.340236347255995 1 0 0 0
0.299723358693882 1 0 0 0
0.134318509481091 1 0 0 0
0.0142804865390644 1 0 0 0
0 1 0 0 0
0 1 0 0 0
0 1 0 0 0
0 1 0 0 0
0 1 0 0 0
0 1 0 0 0
0 1 0 0 0
0 1 0 0 0
0 1 0 0 0
0 1 0 0 0
0 1 0 0 0
0 1 0 0 0
0.0413136021961691 1 0 0 0
0 1 0 0 0
0.0582611573918257 1 0 0 0
0.0663683836137352 1 0 0 0
0.10844939515664 1 0 0 0
0.0824158469185932 1 0 0 0
0.227532664212049 1 0 0 0
0.301154776025214 1 0 0 0
0.129551674035611 1 0 0 0
0.333515083184466 1 0 0 0
0.261803292232798 1 0 0 0
0.161594665769371 1 0 0 0
0 1 0 0 0
0 1 0 0 0
0 1 0 0 0
0 1 0 0 0
0 1 0 0 0
0 1 0 0 0
0 1 0 0 0
0 1 0 0 0
0 1 0 0 0
0 1 0 0 0
0 1 0 0 0
0 1 0 0 0
0 1 0 0 0
0 1 0 0 0
0 1 0 0 0
0.021073128664284 1 0 0 0
0.0897451782293501 1 0 0 0
0 1 0 0 0
0 1 0 0 0
0 1 0 0 0
0 1 0 0 0
0 1 0 0 0
0 1 0 0 0
0 1 0 0 0
0 1 0 0 0
0.0585526213399135 1 0 0 0
0.0765286856108105 1 0 0 0
0.0547226063645212 1 0 0 0
0.090280594122305 1 0 0 0
0.0639784111626795 1 0 0 0
0 1 0 0 0
0.0137778929456545 1 0 0 0
0 1 0 0 0
0 0 1 0 0
0 0 0 0 0
0.0939220185500744 0 0 0 0
0 0 0 0 0
0.073348030696252 0 0 0 0
0 0 0 0 0
0.0346542767033498 0 0 0 0
0 0 0 0 0
0.0492246836074628 0 0 0 0
0 0 0 0 0
0 0 0 0 0
0 0 0 0 0
0 0 0 0 0
0 0 0 0 0
0 0 0 0 0
0 0 0 0 0
0.0121621415019035 0 0 0 0
0.0127941348182503 0 0 0 0
0.125010081319488 0 0 0 0
0.202064264158253 0 0 0 0
0.0749272294342518 0 0 0 0
0.0178380875013318 0 0 0 0
0.0163510867423611 0 0 0 0
0.0273314749392739 0 0 0 0
0.0601189218514264 0 0 0 0
0.0321338893627399 0 0 0 0
0.0491948803755804 0 0 0 0
0.0067728560679825 0 0 0 0
0.0500089950037363 0 0 0 0
0.000348783032677602 0 0 0 0
0.0961698140145018 0 0 0 0
0 0 0 0 0
0.00589950741414214 0 0 0 0
0.0152355555655959 0 0 0 0
0.227247879593051 0 0 0 0
0.0484023712488124 0 0 0 0
0.213937277294463 0 0 0 0
0.486017335788347 0 0 0 0
0.593283082707785 0 0 0 0
0.609848787917144 0 0 0 0
0.550653614482144 0 0 0 0
0.907265166461002 0 0 0 0
1.03829440922709 0 0 0 0
1.18032832688186 0 0 0 0
1.31250782578718 0 0 0 0
1.44382903818041 0 0 0 0
1.75223093538079 0 0 0 0
1.37958007690031 0 0 0 0
0.495391595904948 0 0 0 0
0.51691894805117 0 0 0 0
0 0 0 0 0
0 0 0 0 0
0.0185976787179243 0 0 0 0
0 0 0 0 0
0 0 0 0 0
0 0 0 0 0
0 0 0 0 0
0 0 0 0 0
0 0 0 0 0
0 0 0 0 0
0 0 0 0 0
0 0 0 0 0
0 0 0 0 0
0 0 0 0 0
0 0 0 0 0
0 0 0 0 0
0 0 0 0 0
0 0 0 0 0
0 0 0 0 0
0 0 0 0 0
0 0 0 0 0
0 0 0 0 0
0 0 0 0 0
0 0 0 0 0
0 0 0 0 0
0 0 0 0 0
0 0 0 0 0
0 0 0 0 0
0 0 0 0 0
0 0 0 0 0
0 0 0 0 0
0 0 0 0 0
0 0 0 0 0
0 0 0 0 0
0 0 0 0 0
0 0 0 0 0
0 0 0 0 0
0 0 0 0 0
0 0 0 0 0
0 0 0 0 0
0 0 0 0 0
0.0852069379106979 0 0 0 0
0.223402494157199 0 0 0 0
0.150211832078639 0 0 0 0
0.422068966145162 0 0 0 0
0.64080720221682 0 0 0 0
0.748423273762455 0 0 0 0
1.54562613170128 0 0 0 0
2.31452078151051 0 0 0 0
2.28266385965981 0 0 0 0
3.0924535531085 0 0 0 0
3.00304434495047 0 0 0 0
2.51363398274407 0 0 0 0
1.76609441405162 0 0 0 0
2.07440931262681 0 0 0 0
1.59463162708562 0 0 0 0
0.858422150486149 0 0 0 0
0.728430364688393 0 0 0 0
0.345633225606434 0 0 0 0
0.2306205133209 0 0 0 0
0.149569332279498 0 0 0 0
0.11559002678041 0 0 0 0
0 0 0 0 0
0 0 0 0 0
0 0 0 0 0
0.110745283564029 0 0 0 0
0.179092674443382 0 0 0 0
0.658598297832214 0 0 0 0
0.806318785180338 0 0 0 0
1.04198724147864 0 0 0 0
1.31750089349225 0 0 0 0
1.44115617149509 0 0 0 0
1.34160617017187 0 0 0 0
1.12976583477575 0 0 0 0
0.974416761891916 0 0 0 1
0.753424043068662 0 0 0 1
0.766881741583347 0 0 0 1
0.551591929252027 0 0 0 1
0.474610131732334 0 0 0 1
0.591789776990481 0 0 0 1
0.227648160944227 0 0 0 1
0.0788649576861644 0 0 0 1
0.254725047852844 0 0 0 1
0.378110154997557 0 0 0 1
0.155463058035821 0 0 0 1
0.0948766992223682 0 0 0 1
0 0 0 0 1
0.120618806249695 0 0 0 1
0 0 0 0 1
0.900711020221934 0 0 0 1
3.70148057118058 0 0 0 1
6.84832129627466 0 0 0 1
10.2897618198767 0 0 0 1
11.3280306104571 0 0 0 1
11.6804616991431 0 0 0 1
9.20440233312547 0 0 0 1
6.24869531020522 0 0 0 1
5.02620614133775 0 0 0 1
3.15495932591148 0 0 0 1
1.74367846921086 0 0 0 1
1.10969092929736 0 0 0 1
0.790597681771033 0 0 0 1
0.541298930329503 0 0 0 1
0.321835555951111 0 0 0 1
0.199207337573171 0 0 0 1
0.225080781092402 0 0 0 1
0.195833853013028 1 0 0 0
0 1 0 0 0
0 1 0 0 0
0 1 0 0 0
0 1 0 0 0
0 1 0 0 0
0 1 0 0 0
0 1 0 0 0
0 1 0 0 0
0 1 0 0 0
0 1 0 0 0
0 1 0 0 0
0.0704359732708326 1 0 0 0
0.22893425921211 1 0 0 0
0.240277053308091 1 0 0 0
0.897704645467456 1 0 0 0
0.677248805004638 1 0 0 0
1.86558805216919 1 0 0 0
1.99157546740025 1 0 0 0
2.15734854282346 1 0 0 0
2.32992286328226 1 0 0 0
2.8872942639282 1 0 0 0
2.04444077098742 1 0 0 0
1.82881635555532 1 0 0 0
1.33372996788239 1 0 0 0
2.11554646375589 1 0 0 0
3.87579546077177 1 0 0 0
4.30225592572242 1 0 0 0
5.63926517497748 1 0 0 0
7.40710482932627 1 0 0 0
10.0632845424116 1 0 0 0
12.377125909552 1 0 0 0
17.9020441137254 1 0 0 0
20.7949690520763 1 0 0 0
19.8356572072953 1 0 0 0
17.6191325299442 1 0 0 0
14.9262566119432 1 0 0 0
10.3785099927336 1 0 0 0
8.69963888544589 1 0 0 0
5.79539977479726 1 0 0 0
4.9908603541553 1 0 0 0
3.44705829047598 1 0 0 0
2.32589674124029 1 0 0 0
2.59729384561069 1 0 0 0
3.82558174896985 1 0 0 0
5.43134560575709 1 0 0 0
5.44403633102775 1 0 0 0
5.50701387692243 1 0 0 0
3.21205242653377 1 0 0 0
3.30790370935574 1 0 0 0
2.06864080973901 1 0 0 0
1.56585415243171 1 0 0 0
0.952090871578548 1 0 0 0
0.798330504039768 1 0 0 0
0.53760853188578 1 0 0 0
0.4152722285653 1 0 0 0
0.766475430282298 1 0 0 0
0.480887522286366 1 0 0 0
0.341813360137166 1 0 0 0
0.449988981927163 1 0 0 0
0.341003864377853 1 0 0 0
0.333100042212209 1 0 0 0
0.146093134389957 1 0 0 0
0.151645461301086 1 0 0 0
0 1 0 0 0
0 1 0 0 0
0.636167689663125 1 0 0 0
2.72176465659868 1 0 0 0
6.94528094027191 1 0 0 0
12.7766830846667 1 0 0 0
16.2994596175849 1 0 0 0
15.7006955705583 1 0 0 0
13.3884896058589 1 0 0 0
9.60490747820586 1 0 0 0
8.16043221857399 1 0 0 0
5.48129150411114 1 0 0 0
4.12270682863891 1 0 0 0
2.15335276152473 1 0 0 0
1.91874073061626 1 0 0 0
1.42964404949453 1 0 0 0
1.43577960261609 1 0 0 0
0.690446144290036 1 0 0 0
1.0697218531277 1 0 0 0
1.21551369375084 1 0 0 0
1.46593414683593 1 0 0 0
1.8931469094241 1 0 0 0
2.63638349133544 1 0 0 0
2.42126121884212 1 0 0 0
2.85882901516743 1 0 0 0
2.07307914388366 1 0 0 0
1.97305544861592 1 0 0 0
1.68444975861348 1 0 0 0
1.54661748092622 1 0 0 0
1.09083764255047 1 0 0 0
0.883450815308606 1 0 0 0
0.64612030837452 1 0 0 0
0.634262578387279 1 0 0 0
0.364724106475478 1 0 0 0
0.568261635635281 1 0 0 0
0.208456698601367 1 0 0 0
0 1 0 0 0
0 1 0 0 0
0 1 0 0 0
0 1 0 0 0
0 1 0 0 0
0.100613055110443 1 0 0 0
2.77264388569165 1 0 0 0
9.66838467866182 1 0 0 0
14.9877038784325 1 0 0 0
15.4309317003936 1 0 0 0
13.2536609889939 1 0 0 0
10.0743422517553 1 0 0 0
6.56997447367758 1 0 0 0
5.32724568620324 1 0 0 0
4.1408555698581 1 0 0 0
3.30145785119385 1 0 0 0
2.02274846378714 1 0 0 0
1.79155393561814 1 0 0 0
1.18795504386071 1 0 0 0
0.919913007237483 1 0 0 0
0.613564890954876 1 0 0 0
0.350886906403503 1 0 0 0
0.25690831648717 1 0 0 0
0.116552733743447 1 0 0 0
0 1 0 0 0
0 0 1 0 0
0.0188801495824009 0 0 0 0
0 0 0 0 0
0.00257874307862949 0 0 0 0
0.0683473417666391 0 0 0 0
0.0389047459066205 0 0 0 0
0 0 0 0 0
0 0 0 0 0
0 0 0 0 0
0 0 0 0 0
0 0 0 0 0
0 0 0 0 0
0 0 0 0 0
0 0 0 0 0
0 0 0 0 0
0 0 0 0 0
0 0 0 0 0
0 0 0 0 0
0 0 0 0 0
0 0 0 0 0
0 0 0 0 0
0 0 0 0 0
0 0 0 0 0
0 0 0 0 0
0 0 0 0 0
0 0 0 0 0
0 0 0 0 0
0 0 0 0 0
0 0 0 0 0
0 0 0 0 0
0 0 0 0 0
0 0 0 0 0
0 0 0 0 0
0 0 0 0 0
0 0 0 0 0
0 0 0 0 0
0 0 0 0 0
0 0 0 0 0
0 0 0 0 0
0 0 0 0 0
0 0 0 0 0
0 0 0 0 0
0 0 0 0 0
0 0 0 0 0
0 0 0 0 0
0 0 0 0 0
0.0139638316341006 0 0 0 0
0.1450803147236 0 0 0 0
0.259961463598302 0 0 0 0
0.32200762143475 0 0 0 0
0.455132270872127 0 0 0 0
0.672564667183906 0 0 0 0
0.614220800343901 0 0 0 0
0.79810457827989 0 0 0 0
1.13559402234387 0 0 0 0
1.35484416387044 0 0 0 0
1.52072097989731 0 0 0 0
2.04779392515775 0 0 0 0
2.24513938883319 0 0 0 0
3.28851887024939 0 0 0 0
4.2000990069937 0 0 0 0
5.06982445949689 0 0 0 0
5.98192913457751 0 0 0 0
5.65064116381109 0 0 0 0
5.68749173544347 0 0 0 0
5.81378629431129 0 0 0 0
6.54008652782068 0 0 0 0
6.29179237876087 0 0 0 0
7.22303916700184 0 0 0 0
6.91561377607286 0 0 0 0
6.32887700339779 0 0 0 0
5.40324591565877 0 0 0 0
5.03576180199161 0 0 0 0
4.64589102193713 0 0 0 0
3.99754455429502 0 0 0 0
2.951918868348 0 0 0 0
2.34692124649882 0 0 0 0
1.92037984379567 0 0 0 0
1.85114209307358 0 0 0 0
1.46602871245705 0 0 0 0
1.9163062388543 0 0 0 0
2.12485446536448 0 0 0 0
2.31552314653527 0 0 0 0
2.73493543500081 0 0 0 0
3.07965869433247 0 0 0 0
3.64892822108231 0 0 0 0
3.47492407308891 0 0 0 0
3.52368564927019 0 0 0 0
2.99231163808145 0 0 0 0
3.13113711308688 0 0 0 0
3.24475561501458 0 0 0 0
5.00953331356868 0 0 0 0
8.7973705958575 0 0 0 0
13.4263294748962 0 0 0 0
14.7079769521952 0 0 0 0
12.3860538005829 0 0 0 0
9.42873605526984 0 0 0 0
6.56064553186297 0 0 0 0
5.32777135958895 0 0 0 0
3.33927571773529 0 0 0 0
2.50446118297987 0 0 0 0
1.64540778496303 0 0 0 0
1.33632392680738 0 0 0 0
1.44833837111946 0 0 0 0
1.46186831989326 0 0 0 0
1.57067837426439 0 0 0 0
1.65482459124178 0 0 0 0
1.84132350841537 0 0 0 0
1.56424449232873 0 0 0 0
1.5878792910371 0 0 0 0
1.40431987529155 0 0 0 0
1.23023286869284 0 0 0 0
1.01212882873369 0 0 0 0
0.977198380496702 0 0 0 0
0.839137783259503 0 0 0 0
0.796774445916526 0 0 0 0
0.490919412186486 0 0 0 0
0.538645188498776 0 0 0 0
0.759052389184944 0 0 0 0
1.9362424427527 0 0 0 0
4.44612273713574 0 0 0 0
5.48967276699841 0 0 0 0
6.06346409767866 0 0 0 0
4.43478475790471 0 0 0 0
3.65389871876687 0 0 0 1
3.39248971431516 0 0 0 1
3.89368049218319 0 0 0 1
2.32793772011064 0 0 0 1
3.50613956106827 0 0 0 1
4.77528746705502 0 0 0 1
4.81854745885357 0 0 0 1
5.04654197720811 0 0 0 1
3.65763943409547 0 0 0 1
3.68108542170376 0 0 0 1
2.69398730597459 0 0 0 1
2.22721854515839 0 0 0 1
1.50780662079342 0 0 0 1
1.08163326149224 0 0 0 1
0.648593617370352 0 0 0 1
0.352174873114564 0 0 0 1
0.208399576877127 0 0 0 1
0 0 0 0 1
0.066825290559791 0 0 0 1
0.113141766632907 0 0 0 1
0.311536104618426 0 0 0 1
0.209435774195299 0 0 0 1
0.244544535235036 0 0 0 1
0.200987193238689 0 0 0 1
0.221607690036763 0 0 0 1
0.149294679431478 0 0 0 1
0.128055306049646 0 0 0 1
0.182778621820034 0 0 0 1
0.234118666185168 0 0 0 1
0.251978119194973 0 0 0 1
0.0773270176068763 0 0 0 1
0.161390940775163 0 0 0 1
0.436243281001225 1 0 0 0
0.364575765161135 1 0 0 0
0.207138997211587 1 0 0 0
0.107007705992146 1 0 0 0
0.0911669876586529 1 0 0 0
0.0723674863820634 1 0 0 0
0 1 0 0 0
0 1 0 0 0
0.0599920749664307 1 0 0 0
0 1 0 0 0
0 1 0 0 0
0 1 0 0 0
0.00954512654516293 1 0 0 0
0 1 0 0 0
0.0249506938416744 1 0 0 0
0.168790285897558 1 0 0 0
0.297902901365887 1 0 0 0
0.434759400377516 1 0 0 0
0.518299089890206 1 0 0 0
0.533691985765472 1 0 0 0
0.954574279603548 1 0 0 0
1.25298129569273 1 0 0 0
1.08157558133826 1 0 0 0
1.34033910035214 1 0 0 0
2.58166019921191 1 0 0 0
3.85753926821053 1 0 0 0
6.02909817826003 1 0 0 0
6.97726104408503 1 0 0 0
5.75670058606192 1 0 0 0
4.45492652943358 1 0 0 0
3.45954264048487 1 0 0 0
2.58408041554503 1 0 0 0
1.90467949141748 1 0 0 0
1.39989104354754 1 0 0 0
1.03021290851757 1 0 0 0
0.4654295698856 1 0 0 0
0.479872243886348 1 0 0 0
0.62393098778557 1 0 0 0
0.870288444275502 1 0 0 0
0.7627403101651 1 0 0 0
1.05444174550939 1 0 0 0
1.14569353172556 1 0 0 0
1.43785582622513 1 0 0 0
1.34800786327105 1 0 0 0
1.90414435928687 1 0 0 0
2.17322670505382 1 0 0 0
1.88414883450605 1 0 0 0
1.8024971941486 1 0 0 0
1.9637206569314 1 0 0 0
1.52362372318748 1 0 0 0
1.41356348467525 1 0 0 0
1.2300007219892 1 0 0 0
1.27858099585865 1 0 0 0
0.95951727416832 1 0 0 0
0.814526792964898 1 0 0 0
0.986988939985167 1 0 0 0
0.742663694836665 1 0 0 0
1.1874221090693 1 0 0 0
2.04535048396792 1 0 0 0
1.90069469681475 1 0 0 0
2.02322211407591 1 0 0 0
1.59718874783721 1 0 0 0
1.21241346641909 1 0 0 0
0.76270286081126 1 0 0 0
0.521707397638238 1 0 0 0
0.480338047054829 1 0 0 0
0.136011746690201 1 0 0 0
0.134935605274222 1 0 0 0
0 1 0 0 0
0 1 0 0 0
0 1 0 0 0
0 1 0 0 0
0 1 0 0 0
0 1 0 0 0
0 1 0 0 0
0 1 0 0 0
0 1 0 0 0
0.0494660795311574 1 0 0 0
0.0522224668202398 1 0 0 0
0.0990565879419592 1 0 0 0
0.126175957120722 1 0 0 0
0.0350814766534313 1 0 0 0
0.0350232694472652 1 0 0 0
0.044176027586218 1 0 0 0
0 1 0 0 0
0.0494711557621486 1 0 0 0
0.0377985161321703 1 0 0 0
0.0374214280327578 1 0 0 0
0.0182149956344801 1 0 0 0
0 1 0 0 0
0.222630932512402 1 0 0 0
0.141227385938691 1 0 0 0
0.0993822477539652 1 0 0 0
0.315586663418799 1 0 0 0
0.521140631462913 1 0 0 0
0.560315333132166 1 0 0 0
0.686055507685523 1 0 0 0
0.648595254460815 1 0 0 0
0.758846188546158 1 0 0 0
1.07993354322389 1 0 0 0
0.953556256718002 1 0 0 0
1.13026717372122 1 0 0 0
1.90913659753278 1 0 0 0
3.10431260732003 1 0 0 0
5.11022534919903 1 0 0 0
5.57520071743056 1 0 0 0
4.24506393028423 1 0 0 0
3.18059613346122 1 0 0 0
2.75944950408302 1 0 0 0
2.23317297059111 1 0 0 0
1.20037743909052 1 0 0 0
0.764756652642973 1 0 0 0
0.4363831540104 1 0 0 0
0.365466814400861 1 0 0 0
0.219636185647687 1 0 0 0
0.0210563621294568 1 0 0 0
0.0983642876235535 1 0 0 0
0.0743864584364928 1 0 0 0
0.0892684811333311 1 0 0 0
0.00373707189282868 1 0 0 0
0 1 0 0 0
0.0896022611414082 1 0 0 0
0.0742827078283881 1 0 0 0
0.206113795911733 1 0 0 0
0.225743414489443 1 0 0 0
0.292367076326627 0 1 0 0
0.250785841856782 0 0 0 0
0.190521960121259 0 0 0 0
0.072649672802072 0 0 0 0
0.279148346635338 0 0 0 0
0.195006696628752 0 0 0 0
0.215209507587133 0 0 0 0
0.181717659501146 0 0 0 0
0.303708577121142 0 0 0 0
0.127120353681676 0 0 0 0
0.10073743465 0 0 0 0
0.0646235155272734 0 0 0 0
0.132984723677509 0 0 0 0
0.162369852205302 0 0 0 0
0.123319446174719 0 0 0 0
0 0 0 0 0
0.136876336910063 0 0 0 0
0.143848357765819 0 0 0 0
0.165852209420336 0 0 0 0
0.288339928374626 0 0 0 0
0.13067927056909 0 0 0 0
0.248915846896125 0 0 0 0
0.108834306956851 0 0 0 0
0.0419898860855028 0 0 0 0
0 0 0 0 0
0 0 0 0 0
0 0 0 0 0
0 0 0 0 0
0 0 0 0 0
0 0 0 0 0
0 0 0 0 0
0 0 0 0 0
0 0 0 0 0
0 0 0 0 0
0 0 0 0 0
0 0 0 0 0
0 0 0 0 0
0 0 0 0 0
0 0 0 0 0
0 0 0 0 0
0 0 0 0 0
0 0 0 0 0
0 0 0 0 0
0.0523570006407681 0 0 0 0
0.164663415489485 0 0 0 0
0.120188713481184 0 0 0 0
0.244952241700958 0 0 0 0
0.171389892784646 0 0 0 0
0.601337775151478 0 0 0 0
0.122217602665842 0 0 0 0
0.0555019732928486 0 0 0 0
0.0540723067388171 0 0 0 0
0 0 0 0 0
0 0 0 0 0
0 0 0 0 0
0 0 0 0 0
0 0 0 0 0
0 0 0 0 0
0 0 0 0 0
0 0 0 0 0
0 0 0 0 0
0 0 0 0 0
0 0 0 0 0
0 0 0 0 0
0 0 0 0 0
0 0 0 0 0
0 0 0 0 0
0 0 0 0 0
0 0 0 0 0
0 0 0 0 0
0 0 0 0 0
0 0 0 0 0
0 0 0 0 0
0 0 0 0 0
0 0 0 0 0
0 0 0 0 0
0 0 0 0 0
0 0 0 0 0
0 0 0 0 0
0 0 0 0 0
0 0 0 0 0
0 0 0 0 0
0 0 0 0 0
0 0 0 0 0
0 0 0 0 0
0.00910288872546516 0 0 0 0
0.906484092411119 0 0 0 0
1.33195990201784 0 0 0 0
0.990665881545283 0 0 0 0
1.0150389134651 0 0 0 0
0.57321586064063 0 0 0 0
0.551032011571806 0 0 0 0
0.35152097370883 0 0 0 0
0.668326072627679 0 0 0 0
0.691921417455887 0 0 0 0
0.523391241586069 0 0 0 0
0.506638676597504 0 0 0 0
0.221641641246606 0 0 0 0
0.0604460055910749 0 0 0 0
0 0 0 0 0
0 0 0 0 0
0 0 0 0 0
0 0 0 0 0
0.0421834192820825 0 0 0 0
0 0 0 0 0
0 0 0 0 0
0.242707748839166 0 0 0 0
0.166167221323121 0 0 0 0
0.381308727810392 0 0 0 0
0.844118250824977 0 0 0 0
0.71665491850581 0 0 0 0
1.29673883202486 0 0 0 0
1.40634222771041 0 0 0 0
1.40213172562653 0 0 0 0
1.64766947273165 0 0 0 0
1.81314928340726 0 0 0 0
2.29346673586406 0 0 0 0
3.24015517253429 0 0 0 0
4.6061750035733 0 0 0 0
3.2650173525326 0 0 0 0
2.99433228792623 0 0 0 0
1.84138992335647 0 0 0 0
1.80471403291449 0 0 0 0
1.02001825143816 0 0 0 0
0.976195879047737 0 0 0 1
0.764172393246554 0 0 0 1
0.238298631302314 0 0 0 1
0.488321136799641 0 0 0 1
0.215359108551638 0 0 0 1
0.416766924900003 0 0 0 1
0.672845948429313 0 0 0 1
0.544812159205321 0 0 0 1
0.594680070207687 0 0 0 1
0.526613828697009 0 0 0 1
0.595058122598857 0 0 0 1
0.843984322273172 0 0 0 1
1.09990261262283 0 0 0 1
1.12966386950575 0 0 0 1
1.29165092948824 0 0 0 1
1.71739254437853 0 0 0 1
1.90434357500635 0 0 0 1
3.07542394148186 0 0 0 1
4.51576767954975 0 0 0 1
5.93873852631077 0 0 0 1
6.4526277128607 0 0 0 1
4.85747429775074 0 0 0 1
3.25083796633407 0 0 0 1
3.38062879745848 0 0 0 1
2.69241741625592 0 0 0 1
2.02554761199281 0 0 0 1
1.47345809091348 0 0 0 1
1.32168678101152 0 0 0 1
1.18579862464685 0 0 0 1
1.30596708913799 0 0 0 1
1.24133597273612 0 0 0 1
1.18102320993785 0 0 0 1
1.25809685414424 1 0 0 0
1.1396585177863 1 0 0 0
0.814796636404935 1 0 0 0
0.768174199038185 1 0 0 0
0.72527551674284 1 0 0 0
0.769678968936205 1 0 0 0
0.769024773035198 1 0 0 0
0.942520608077757 1 0 0 0
0.973525122390129 1 0 0 0
0.895365068572573 1 0 0 0
0.848024879815057 1 0 0 0
0.905872679140884 1 0 0 0
0.935728625336196 1 0 0 0
0.782640294346493 1 0 0 0
0.87656507093925 1 0 0 0
0.847065792186186 1 0 0 0
1.08323734457372 1 0 0 0
1.43848353764042 1 0 0 0
1.37401594838593 1 0 0 0
1.34146651544143 1 0 0 0
1.5301535022445 1 0 0 0
1.50049978401512 1 0 0 0
1.32389151258394 1 0 0 0
1.16859214904252 1 0 0 0
1.31273141596466 1 0 0 0
1.08069377893116 1 0 0 0
1.13636124297045 1 0 0 0
1.26329369959421 1 0 0 0
1.63676404918078 1 0 0 0
1.59722732496448 1 0 0 0
2.02381596318446 1 0 0 0
3.07573386817239 1 0 0 0
4.73084987606853 1 0 0 0
7.0615136064589 1 0 0 0
8.68114654440433 1 0 0 0
9.4033507630229 1 0 0 0
7.75457243435085 1 0 0 0
7.58083781693131 1 0 0 0
6.92993320990354 1 0 0 0
9.14828456006944 1 0 0 0
8.39903147425503 1 0 0 0
7.7202923130244 1 0 0 0
6.30656006978825 1 0 0 0
4.87002113368362 1 0 0 0
3.5503635299392 1 0 0 0
2.54547377699055 1 0 0 0
1.12613531382522 1 0 0 0
0.606326706474647 1 0 0 0
0.242728512603207 1 0 0 0
0.199071266251849 1 0 0 0
0.0906049735931447 1 0 0 0
0.135507763843634 1 0 0 0
0 1 0 0 0
0.084946170773037 1 0 0 0
0 1 0 0 0
0 1 0 0 0
0 1 0 0 0
0.101287247503024 1 0 0 0
0 1 0 0 0
0 1 0 0 0
0 1 0 0 0
0 1 0 0 0
0 1 0 0 0
0 1 0 0 0
0 1 0 0 0
0.0548816231571436 1 0 0 0
0 1 0 0 0
0.145536143463687 1 0 0 0
0 1 0 0 0
0.166877634910634 1 0 0 0
0.177656016603578 1 0 0 0
0.41345384761371 1 0 0 0
0.135122285882971 1 0 0 0
0.742626001738245 1 0 0 0
0.863561017467873 1 0 0 0
1.64335721638054 1 0 0 0
2.510069985874 1 0 0 0
3.08776300516911 1 0 0 0
2.59786358219571 1 0 0 0
1.86555298569147 1 0 0 0
1.98392299353145 1 0 0 0
1.80400305544026 1 0 0 0
1.43074950028677 1 0 0 0
1.09612024971284 1 0 0 0
0.912018120288849 1 0 0 0
0.74881599721266 1 0 0 0
0.667295695166104 1 0 0 0
0.964710416155867 1 0 0 0
0.92114121071063 1 0 0 0
1.09708633681294 1 0 0 0
1.26201775856316 1 0 0 0
1.62960901798215 1 0 0 0
1.69243413256481 1 0 0 0
1.76235067192465 1 0 0 0
1.81169919960666 1 0 0 0
1.64625112665817 1 0 0 0
1.48185786383692 1 0 0 0
1.53410642815288 1 0 0 0
1.45696160325315 1 0 0 0
1.23162240197416 1 0 0 0
1.06359655910637 1 0 0 0
1.1900260578841 1 0 0 0
1.10041594598442 1 0 0 0
1.04624441883061 1 0 0 0
1.23153677850496 1 0 0 0
1.50636241596658 1 0 0 0
1.6085716051748 1 0 0 0
1.9953066657763 1 0 0 0
2.15908235986717 1 0 0 0
2.49236990930513 1 0 0 0
2.2882275225129 1 0 0 0
2.54442452569492 1 0 0 0
2.22759091411717 1 0 0 0
2.15307349571958 1 0 0 0
1.75990641582757 1 0 0 0
1.68828826281242 1 0 0 0
1.34032916685101 1 0 0 0
0.957270647631958 1 0 0 0
0.926135013287421 1 0 0 0
0.895816330739763 1 0 0 0
0.465436558442889 1 0 0 0
0.534431441337802 1 0 0 0
0.573142249777447 1 0 0 0
0.547292027476942 1 0 0 0
0.222230002691504 1 0 0 0
0.323271982779261 0 1 0 0
0.171128793226671 0 0 0 0
0.141816673931316 0 0 0 0
0.0284772361283103 0 0 0 0
0.0902910724107642 0 0 0 0
0 0 0 0 0
0 0 0 0 0
0 0 0 0 0
0 0 0 0 0
0 0 0 0 0
0.132833143197786 0 0 0 0
0.0834018455861951 0 0 0 0
0.117554978714907 0 0 0 0
0.148597830047947 0 0 0 0
0.205359185201814 0 0 0 0
0.149718805914745 0 0 0 0
0.0400832850573352 0 0 0 0
0 0 0 0 0
0 0 0 0 0
0 0 0 0 0
0 0 0 0 0
0 0 0 0 0
0.0350112583191731 0 0 0 0
0 0 0 0 0
0 0 0 0 0
0 0 0 0 0
0 0 0 0 0
0.0376447078451747 0 0 0 0
0 0 0 0 0
0 0 0 0 0
0.0135757031785033 0 0 0 0
0 0 0 0 0
0.00698626945450087 0 0 0 0
0.0275200216037774 0 0 0 0
0.188661696142844 0 0 0 0
0.0797707125457237 0 0 0 0
0.30615958303315 0 0 0 0
0.369230516298558 0 0 0 0
0.419551921368111 0 0 0 0
0.502864917507395 0 0 0 0
0.485575525090098 0 0 0 0
0.495141419378342 0 0 0 0
0.444790486653801 0 0 0 0
0.58243288367521 0 0 0 0
0.416820579630439 0 0 0 0
0.590293471759651 0 0 0 0
0.577677394176135 0 0 0 0
0.923696330573875 0 0 0 0
0.874594974447973 0 0 0 0
1.01810047635809 0 0 0 0
0.864472662215121 0 0 0 0
0.881690815731417 0 0 0 0
0.663316714053508 0 0 0 0
0.662272817862686 0 0 0 0
0.508746132254601 0 0 0 0
0.46460823432426 0 0 0 0
0.385718911275035 0 0 0 0
0.391503748005562 0 0 0 0
0.340326831064885 0 0 0 0
0.328644780893228 0 0 0 0
0.249105042172459 0 0 0 0
0.318321824295253 0 0 0 0
0.445594727352727 0 0 0 0
0.183853502676357 0 0 0 0
0.58523891857476 0 0 0 0
0.293166266146727 0 0 0 0
0.498135110319708 0 0 0 0
0.265268638031557 0 0 0 0
0.734377139451681 0 0 0 0
0.74475523433648 0 0 0 0
1.22318972717039 0 0 0 0
2.99545163215953 0 0 0 0
5.67852676613256 0 0 0 0
10.4781326372176 0 0 0 0
19.1857048776001 0 0 0 0
25.19307192415 0 0 0 0
24.4564842432737 0 0 0 0
22.7212123572826 0 0 0 0
16.8858186807483 0 0 0 0
11.8197407573462 0 0 0 0
8.11180507298559 0 0 0 0
6.54386403039098 0 0 0 0
4.45050658890978 0 0 0 0
2.5975477474276 0 0 0 0
1.8032529624179 0 0 0 0
1.13139781171867 0 0 0 0
0.720885054761311 0 0 0 0
0.452860098448582 0 0 0 0
0.549018688616343 0 0 0 0
0.618629517703084 0 0 0 0
0.56374794939984 0 0 0 0
0.588672493904596 0 0 0 0
0.597012714933953 0 0 0 0
0.619702701442293 0 0 0 0
0 0 0 0 0
0.371309066395042 0 0 0 0
1.89815702105989 0 0 0 0
6.62009470397606 0 0 0 0
10.5149685405195 0 0 0 0
14.8150026798248 0 0 0 0
14.4025613553822 0 0 0 0
11.9556793943048 0 0 0 0
8.59683763701469 0 0 0 0
6.87686610035598 0 0 0 0
4.8839493538253 0 0 0 0
3.03889863425866 0 0 0 0
1.78658596996684 0 0 0 0
1.06531630081008 0 0 0 0
0.547535186342429 0 0 0 0
0.414382018789183 0 0 0 0
0.046067223593127 0 0 0 0
0.158300390467048 0 0 0 0
0 0 0 0 0
0.0804569099273067 0 0 0 0
0.400345867092256 0 0 0 0
0.554724494577385 0 0 0 0
0.464653458038811 0 0 0 0
0.676059164106846 0 0 0 0
1.02529258583672 0 0 0 0
1.23479097965173 0 0 0 0
1.88810314284638 0 0 0 0
2.11606186348945 0 0 0 0
2.44944545556791 0 0 0 0
2.32787747518159 0 0 0 0
2.48768852907233 0 0 0 1
2.68218386918306 0 0 0 1
2.06999802321661 0 0 0 1
1.9172964093741 0 0 0 1
1.70033422182314 0 0 0 1
1.68550046510063 0 0 0 1
2.47517458046786 0 0 0 1
3.89655883191153 0 0 0 1
4.79846762027591 0 0 0 1
6.34086050558835 0 0 0 1
9.22601041384041 0 0 0 1
9.97651356738061 0 0 0 1
9.50119970366359 0 0 0 1
9.02014784514904 0 0 0 1
8.55617877095938 0 0 0 1
8.50984815042466 0 0 0 1
10.08167990949 0 0 0 1
13.53565370664 0 0 0 1
16.1054315976799 0 0 0 1
18.234757008031 0 0 0 1
18.4011517558247 0 0 0 1
20.4785426612943 0 0 0 1
21.5477929450572 0 0 0 1
22.2032126039267 0 0 0 1
23.3806455507874 0 0 0 1
22.8480393998325 0 0 0 1
19.7851844131947 0 0 0 1
15.6322359107435 0 0 0 1
11.0718937357888 0 0 0 1
8.0055323196575 0 0 0 1
5.51462010480464 0 0 0 1
4.48702910216525 0 0 0 1
0.192722907740972 1 0 0 0
0.0484492666146252 1 0 0 0
0 1 0 0 0
0.0686191469867481 1 0 0 0
0.139422900247155 1 0 0 0
0.0480558182971436 1 0 0 0
0.126985116366995 1 0 0 0
0.360618154900294 1 0 0 0
0.324673930663266 1 0 0 0
0.580900215027214 1 0 0 0
0.648374848424282 1 0 0 0
0.776668857724871 1 0 0 0
0.616168581473175 1 0 0 0
0.830927870993037 1 0 0 0
0.917974721232895 1 0 0 0
0.745143450330943 1 0 0 0
0.651340484182583 1 0 0 0
0.420205975387944 1 0 0 0
0.47947791608749 1 0 0 0
0.289415377494606 1 0 0 0
0.132804789245711 1 0 0 0
0 1 0 0 0
0 1 0 0 0
0 1 0 0 0
0 1 0 0 0
0 1 0 0 0
0 1 0 0 0
0 1 0 0 0
0 1 0 0 0
0 1 0 0 0
0 1 0 0 0
0 1 0 0 0
0.353234063368291 1 0 0 0
0 1 0 0 0
0.0782230326876743 1 0 0 0
0.907625340914819 1 0 0 0
1.94016567547806 1 0 0 0
2.67924214131199 1 0 0 0
4.40021354006603 1 0 0 0
3.98776092333719 1 0 0 0
3.08810756541789 1 0 0 0
1.89570549991913 1 0 0 0
2.32543784659356 1 0 0 0
1.63961583166383 1 0 0 0
1.21060480887536 1 0 0 0
0.773572082835017 1 0 0 0
0.331382536387537 1 0 0 0
0.427285861860582 1 0 0 0
0.0617320665696752 1 0 0 0
0.175702993146842 1 0 0 0
0.0959278095251648 1 0 0 0
0 1 0 0 0
0.0869770542522019 1 0 0 0
0.0677535808790708 1 0 0 0
0.159046147018671 1 0 0 0
0.142848450195743 1 0 0 0
0.396932472540357 1 0 0 0
0.304155654930582 1 0 0 0
0.405131235311273 1 0 0 0
0.408032716222806 1 0 0 0
0.482670126075391 1 0 0 0
0.129804384414456 1 0 0 0
0.105610488049024 1 0 0 0
0.0413480223642182 1 0 0 0
0 1 0 0 0
0 1 0 0 0
0 1 0 0 0
0 1 0 0 0
0 1 0 0 0
0 1 0 0 0
0 1 0 0 0
0 1 0 0 0
0 1 0 0 0
0 1 0 0 0
0 1 0 0 0
0 1 0 0 0
0 1 0 0 0
0 1 0 0 0
0 1 0 0 0
0 1 0 0 0
0.0196334895008476 1 0 0 0
0 1 0 0 0
0.0378243184968596 1 0 0 0
0.0515364096713711 1 0 0 0
0 1 0 0 0
0 1 0 0 0
0 1 0 0 0
0.112414474870093 1 0 0 0
0 1 0 0 0
0 1 0 0 0
0 1 0 0 0
0 1 0 0 0
0 1 0 0 0
0 1 0 0 0
0 1 0 0 0
0 1 0 0 0
0 1 0 0 0
0 1 0 0 0
0 1 0 0 0
0 1 0 0 0
0 1 0 0 0
0 1 0 0 0
0.105103990790667 1 0 0 0
0.100864515843568 1 0 0 0
0.200138060790778 1 0 0 0
0.110269849756151 1 0 0 0
0.145813168273889 1 0 0 0
0.13826038048137 1 0 0 0
0.0721506737590971 1 0 0 0
0.0792589944467181 1 0 0 0
0.063641417909821 1 0 0 0
0 1 0 0 0
0.0118442831080756 1 0 0 0
0.00843619909574045 1 0 0 0
0.114625505375443 1 0 0 0
0.0230242967518279 1 0 0 0
0.0648857574105932 1 0 0 0
0.0956992128067213 1 0 0 0
0.0962948906817473 1 0 0 0
0.227606150929205 1 0 0 0
0.212932747672312 1 0 0 0
0.311453692120267 1 0 0 0
0.370804684735049 1 0 0 0
0.595646523379401 1 0 0 0
0.471457979983825 1 0 0 0
0.668423621391412 0 1 0 0
0.995139998849481 0 0 0 0
1.21958167437697 0 0 0 0
0.766841367294546 0 0 0 0
1.54067635594402 0 0 0 0
1.90151362039614 0 0 0 0
2.92659382103011 0 0 0 0
4.32534638093784 0 0 0 0
5.62826456734911 0 0 0 0
4.6474231639877 0 0 0 0
3.87048840639181 0 0 0 0
4.50859765987843 0 0 0 0
4.74985950859264 0 0 0 0
5.83964254474267 0 0 0 0
9.76216467097402 0 0 0 0
14.1854721587151 0 0 0 0
12.1022186940536 0 0 0 0
10.711582028307 0 0 0 0
6.9306543446146 0 0 0 0
4.65331441955641 0 0 0 0
3.90033290022984 0 0 0 0
3.18774289917201 0 0 0 0
1.52423458348494 0 0 0 0
1.14353225217201 0 0 0 0
1.00053520873189 0 0 0 0
0.412579805924906 0 0 0 0
0.0713007975718938 0 0 0 0
0 0 0 0 0
0 0 0 0 0
0 0 0 0 0
0 0 0 0 0
0 0 0 0 0
0 0 0 0 0
0 0 0 0 0
0 0 0 0 0
0 0 0 0 0
0.0069974939833628 0 0 0 0
0.167367890753667 0 0 0 0
0.11681941776942 0 0 0 0
0.188473198249994 0 0 0 0
0.1093384817068 0 0 0 0
0.0254133258295042 0 0 0 0
0.0234729595831595 0 0 0 0
0.0575778040001751 0 0 0 0
0 0 0 0 0
0 0 0 0 0
0 0 0 0 0
0.0116274222818902 0 0 0 0
0 0 0 0 0
0 0 0 0 0
0.032441968414787 0 0 0 0
0.00499505540574319 0 0 0 0
0.164396918989951 0 0 0 0
0.371158774214564 0 0 0 0
0.350152700775652 0 0 0 0
0.789585115853697 0 0 0 0
0.998799660010263 0 0 0 0
1.48578608059324 0 0 0 0
1.70607518521138 0 0 0 0
2.03487306134775 0 0 0 0
2.09642181289382 0 0 0 0
2.31253911624663 0 0 0 0
2.3469720617868 0 0 0 0
2.42815946694463 0 0 0 0
2.51266392297111 0 0 0 0
2.35030529438518 0 0 0 0
2.36601557116956 0 0 0 0
2.32128496281803 0 0 0 0
1.9648507295642 0 0 0 0
1.90150347771123 0 0 0 0
1.90592843864579 0 0 0 0
2.06036629970185 0 0 0 0
1.96304460405372 0 0 0 0
1.85314277769066 0 0 0 0
1.88785142381676 0 0 0 0
2.12361736339517 0 0 0 0
2.34927446581423 0 0 0 0
2.00897397007793 0 0 0 0
2.45502727921121 0 0 0 0
2.37127827131189 0 0 0 0
2.67123326193541 0 0 0 0
3.2943697005976 0 0 0 0
2.56565536255948 0 0 0 0
2.58752427180298 0 0 0 0
2.32863309793174 0 0 0 0
2.98238696996123 0 0 0 0
1.87696269131266 0 0 0 0
1.55213280231692 0 0 0 0
1.47719655069523 0 0 0 0
1.2176837772131 0 0 0 0
1.06990130007034 0 0 0 0
0.795394698798191 0 0 0 0
0.733458677132148 0 0 0 0
0.562674456205059 0 0 0 0
0.339326362336578 0 0 0 0
0.255207112786593 0 0 0 0
0.320503944749362 0 0 0 0
0.110031944132061 0 0 0 0
0.170090145729773 0 0 0 0
0.202868648102594 0 0 0 0
0.226099698920734 0 0 0 0
0 0 0 0 0
0.148132167851145 0 0 0 0
0.023352590687864 0 0 0 0
0 0 0 0 0
0 0 0 0 0
0.0521580823260592 0 0 0 0
0 0 0 0 0
0 0 0 0 0
0.198608218852314 0 0 0 0
0.0970602563938883 0 0 0 0
0.308786045934539 0 0 0 0
0.471012015623273 0 0 0 0
0.725256755686132 0 0 0 0
0.863418696098961 0 0 0 0
0.500909161928575 0 0 0 0
0.323594034853159 0 0 0 0
0 0 0 0 0
0 0 0 0 0
0.219070212892802 0 0 0 0
0 0 0 0 0
0 0 0 0 0
0 0 0 0 0
0 0 0 0 0
0 0 0 0 1
0.00035562516131904 0 0 0 1
0 0 0 0 1
0.0539039738214342 0 0 0 1
0.0569624344279873 0 0 0 1
0.149468987729051 0 0 0 1
0.117894074719516 0 0 0 1
0.0707250550249228 0 0 0 1
0.125804503113613 0 0 0 1
0.0530270835952251 0 0 0 1
0.180308619746938 0 0 0 1
0.215474701690255 0 0 0 1
0.313799321929764 0 0 0 1
0.295583398838062 0 0 0 1
0.310148386233777 0 0 0 1
0.5000818928238 0 0 0 1
0.498380326462211 0 0 0 1
0.561259817914106 0 0 0 1
0.69171061477391 0 0 0 1
0.619901438767556 0 0 0 1
0.700864911777899 0 0 0 1
0.704596983268857 0 0 0 1
0.80756261741044 0 0 0 1
0.573210028960602 0 0 0 1
0.711551256245002 0 0 0 1
0.739203569537494 0 0 0 1
0.668146989482921 0 0 0 1
0.46268282312667 0 0 0 1
0.634066062048078 0 0 0 1
0.752418889533146 0 0 0 1
0.672188973112497 0 0 0 1
1.23073534632567 0 0 0 1
0 1 0 0 0
0 1 0 0 0
0 1 0 0 0
0 1 0 0 0
0 1 0 0 0
0 1 0 0 0
0 1 0 0 0
0 1 0 0 0
0 1 0 0 0
0 1 0 0 0
0 1 0 0 0
0 1 0 0 0
0 1 0 0 0
0 1 0 0 0
0 1 0 0 0
0 1 0 0 0
0.0385886069125263 1 0 0 0
0 1 0 0 0
0 1 0 0 0
0.00436845914464357 1 0 0 0
0.0346801697546084 1 0 0 0
0 1 0 0 0
0 1 0 0 0
0 1 0 0 0
0 1 0 0 0
0 1 0 0 0
0.0191101335076382 1 0 0 0
0 1 0 0 0
0 1 0 0 0
0 1 0 0 0
0.0206498400530108 1 0 0 0
0.0357498424818914 1 0 0 0
0.0312136917273165 1 0 0 0
0.0854407398946933 1 0 0 0
0.132556164317066 1 0 0 0
0.141062541842985 1 0 0 0
0.264048248936888 1 0 0 0
0.294173579504786 1 0 0 0
0.296276805784146 1 0 0 0
0.240151915932074 1 0 0 0
0.330051920172991 1 0 0 0
0.27060666690204 1 0 0 0
0.149450733488266 1 0 0 0
0.139449679863901 1 0 0 0
0.110202517475955 1 0 0 0
0.0587700883443176 1 0 0 0
0 1 0 0 0
0.0666172686578648 1 0 0 0
0 1 0 0 0
0 1 0 0 0
0 1 0 0 0
0 1 0 0 0
0 1 0 0 0
0 1 0 0 0
0 1 0 0 0
0 1 0 0 0
0 1 0 0 0
0 1 0 0 0
0 1 0 0 0
0 1 0 0 0
0 1 0 0 0
0 1 0 0 0
0 1 0 0 0
0 1 0 0 0
0 1 0 0 0
0 1 0 0 0
0 1 0 0 0
0 1 0 0 0
0 1 0 0 0
0 1 0 0 0
0 1 0 0 0
0 1 0 0 0
0 1 0 0 0
0 1 0 0 0
0 1 0 0 0
0 1 0 0 0
0.0616979832557263 1 0 0 0
0.120662149129203 1 0 0 0
0.277447369811057 1 0 0 0
0.268523855083913 1 0 0 0
0.518216271302663 1 0 0 0
0.518242549105707 1 0 0 0
0.414844889746746 1 0 0 0
0.733475941160577 1 0 0 0
0.571601371120778 1 0 0 0
0.692964980771649 1 0 0 0
1.20019043970387 1 0 0 0
1.25740159273846 1 0 0 0
1.71430468617473 1 0 0 0
3.48345702514052 1 0 0 0
5.21822832524776 1 0 0 0
8.51851364132017 1 0 0 0
10.9749698312953 1 0 0 0
12.277914211154 1 0 0 0
12.5211421400309 1 0 0 0
11.5150895435363 1 0 0 0
11.8613298982382 1 0 0 0
11.3676155451685 1 0 0 0
13.4145617485046 1 0 0 0
11.5647437050939 1 0 0 0
11.7257783422247 1 0 0 0
8.15061014145613 1 0 0 0
8.28246609307826 1 0 0 0
5.01808361150324 1 0 0 0
4.74427436711267 1 0 0 0
2.25333843263797 1 0 0 0
2.40052328445017 1 0 0 0
1.46317624603398 1 0 0 0
1.20899766625371 1 0 0 0
0.670454806822818 1 0 0 0
0.539116066647694 1 0 0 0
0.406575061788317 1 0 0 0
0.45317428157432 1 0 0 0
0.496707146567132 1 0 0 0
0.541000816156156 1 0 0 0
0.532905893123825 1 0 0 0
0.57768384249357 1 0 0 0
0.640022744846647 1 0 0 0
0.748360682337079 1 0 0 0
0.803446004283614 1 0 0 0
0.89548462710809 1 0 0 0
1.45352298568469 1 0 0 0
1.10911161027616 1 0 0 0
1.39512510941131 1 0 0 0
0.739586768759182 1 0 0 0
0.349753485352267 0 1 0 0
0.600973471591715 0 0 0 0
0.0401451270590769 0 0 0 0
0.0173050430021249 0 0 0 0
0 0 0 0 0
0 0 0 0 0
0 0 0 0 0
0 0 0 0 0
0 0 0 0 0
0 0 0 0 0
0 0 0 0 0
0 0 0 0 0
0 0 0 0 0
0 0 0 0 0
0 0 0 0 0
0 0 0 0 0
0 0 0 0 0
0 0 0 0 0
0 0 0 0 0
0 0 0 0 0
0 0 0 0 0
0 0 0 0 0
0 0 0 0 0
0 0 0 0 0
0 0 0 0 0
0 0 0 0 0
0 0 0 0 0
0 0 0 0 0
0 0 0 0 0
0 0 0 0 0
0.0522004866070347 0 0 0 0
0 0 0 0 0
0.0501334019418209 0 0 0 0
0 0 0 0 0
0.0170169396369602 0 0 0 0
0 0 0 0 0
0 0 0 0 0
0 0 0 0 0
0 0 0 0 0
0 0 0 0 0
0 0 0 0 0
0 0 0 0 0
0 0 0 0 0
0 0 0 0 0
0 0 0 0 0
0 0 0 0 0
0 0 0 0 0
0 0 0 0 0
0 0 0 0 0
0 0 0 0 0
0 0 0 0 0
0 0 0 0 0
0 0 0 0 0
0 0 0 0 0
0 0 0 0 0
0 0 0 0 0
0 0 0 0 0
0 0 0 0 0
0 0 0 0 0
0 0 0 0 0
0 0 0 0 0
0 0 0 0 0
0 0 0 0 0
0 0 0 0 0
0 0 0 0 0
0 0 0 0 0
0 0 0 0 0
0 0 0 0 0
0 0 0 0 0
0 0 0 0 0
0 0 0 0 0
0 0 0 0 0
0 0 0 0 0
0 0 0 0 0
0.243704162130598 0 0 0 0
0.398992375266971 0 0 0 0
0.524659089592205 0 0 0 0
0.654688035865547 0 0 0 0
0.968392516369931 0 0 0 0
1.30303399055265 0 0 0 0
1.3087795523461 0 0 0 0
1.41260419331957 0 0 0 0
1.4334950101329 0 0 0 0
1.56161453924142 0 0 0 0
1.15726003423333 0 0 0 0
1.26830257067923 0 0 0 0
0.671493362460751 0 0 0 0
0.64872503571678 0 0 0 0
0.305474794004112 0 0 0 0
0.323564881909988 0 0 0 0
0.164733593919664 0 0 0 0
0 0 0 0 0
0 0 0 0 0
0 0 0 0 0
0 0 0 0 0
0 0 0 0 0
0 0 0 0 0
0 0 0 0 0
0.461162147985306 0 0 0 0
3.36161052109674 0 0 0 0
4.13772244928623 0 0 0 0
3.20703646866605 0 0 0 0
1.28586695063859 0 0 0 0
1.27864791284082 0 0 0 0
1.01108042144915 0 0 0 0
0.557740868316614 0 0 0 0
0.120236974908039 0 0 0 0
0.358799861714942 0 0 0 0
0.319303635478718 0 0 0 0
0.238533138372077 0 0 0 0
0 0 0 0 0
0 0 0 0 0
0 0 0 0 0
0 0 0 0 0
0 0 0 0 0
0 0 0 0 0
0 0 0 0 0
0 0 0 0 0
0 0 0 0 0
0 0 0 0 0
0 0 0 0 0
0 0 0 0 0
0 0 0 0 0
0 0 0 0 0
0 0 0 0 1
0 0 0 0 1
0 0 0 0 1
0 0 0 0 1
0 0 0 0 1
0 0 0 0 1
0 0 0 0 1
0 0 0 0 1
0 0 0 0 1
0 0 0 0 1
0 0 0 0 1
0 0 0 0 1
0 0 0 0 1
0 0 0 0 1
0 0 0 0 1
0 0 0 0 1
0 0 0 0 1
0 0 0 0 1
0 0 0 0 1
0 0 0 0 1
0 0 0 0 1
0 0 0 0 1
0 0 0 0 1
0.120869930924528 0 0 0 1
0 0 0 0 1
0.245151066337712 0 0 0 1
0.253867830906529 0 0 0 1
0.552943354705349 0 0 0 1
0.741515475965571 0 0 0 1
0.939161982387304 0 0 0 1
1.21208134805784 0 0 0 1
0.818208180135116 0 0 0 1
0 1 0 0 0
0 1 0 0 0
0 1 0 0 0
0 1 0 0 0
0 1 0 0 0
0 1 0 0 0
0 1 0 0 0
0 1 0 0 0
0 1 0 0 0
0 1 0 0 0
0 1 0 0 0
0 1 0 0 0
0 1 0 0 0
0.209617435757536 1 0 0 0
0 1 0 0 0
0.348480117281724 1 0 0 0
0.50740665756166 1 0 0 0
0.880985324329231 1 0 0 0
0.721148200682364 1 0 0 0
1.10219744965434 1 0 0 0
0.541589962267608 1 0 0 0
0.587625523621682 1 0 0 0
0.429040172548412 1 0 0 0
0.277981952422124 1 0 0 0
0.243934568970872 1 0 0 0
0.0514898933943186 1 0 0 0
0 1 0 0 0
0 1 0 0 0
0 1 0 0 0
0 1 0 0 0
0 1 0 0 0
0 1 0 0 0
0 1 0 0 0
0 1 0 0 0
0 1 0 0 0
0 1 0 0 0
0.00874353872859501 1 0 0 0
0 1 0 0 0
0.0577858650103735 1 0 0 0
0.0227584042704621 1 0 0 0
0.00143298257171409 1 0 0 0
0 1 0 0 0
0.00967723190115066 1 0 0 0
0 1 0 0 0
0 1 0 0 0
0.040269317196362 1 0 0 0
0.115233337055543 1 0 0 0
0.220902078353902 1 0 0 0
0.150932557744454 1 0 0 0
0.0874414072313812 1 0 0 0
0.0235375973716145 1 0 0 0
0 1 0 0 0
0 1 0 0 0
0 1 0 0 0
0 1 0 0 0
0 1 0 0 0
0 1 0 0 0
0 1 0 0 0
0 1 0 0 0
0 1 0 0 0
0 1 0 0 0
0 1 0 0 0
0 1 0 0 0
0 1 0 0 0
0 1 0 0 0
0 1 0 0 0
0 1 0 0 0
0 1 0 0 0
0 1 0 0 0
0 1 0 0 0
0 1 0 0 0
0 1 0 0 0
0 1 0 0 0
0 1 0 0 0
0 1 0 0 0
0 1 0 0 0
0 1 0 0 0
0 1 0 0 0
0 1 0 0 0
0 1 0 0 0
0 1 0 0 0
0 1 0 0 0
0 1 0 0 0
0 1 0 0 0
0 1 0 0 0
0 1 0 0 0
0 1 0 0 0
0 1 0 0 0
0 1 0 0 0
0 1 0 0 0
0 1 0 0 0
0 1 0 0 0
0 1 0 0 0
0 1 0 0 0
0 1 0 0 0
0 1 0 0 0
0 1 0 0 0
0 1 0 0 0
0 1 0 0 0
0 1 0 0 0
0 1 0 0 0
0 1 0 0 0
0 1 0 0 0
0 1 0 0 0
0 1 0 0 0
0 1 0 0 0
0 1 0 0 0
0 1 0 0 0
0 1 0 0 0
0 1 0 0 0
0 1 0 0 0
0 1 0 0 0
0 1 0 0 0
0 1 0 0 0
0 1 0 0 0
0 1 0 0 0
0 1 0 0 0
0 1 0 0 0
0 1 0 0 0
0 1 0 0 0
0 1 0 0 0
0 1 0 0 0
0 1 0 0 0
0 1 0 0 0
0 1 0 0 0
0 0 1 0 0
0 0 0 0 0
0 0 0 0 0
0 0 0 0 0
0 0 0 0 0
0 0 0 0 0
0 0 0 0 0
0 0 0 0 0
0 0 0 0 0
0 0 0 0 0
0 0 0 0 0
0 0 0 0 0
0 0 0 0 0
0 0 0 0 0
0 0 0 0 0
0 0 0 0 0
0 0 0 0 0
0 0 0 0 0
0 0 0 0 0
0 0 0 0 0
0 0 0 0 0
0 0 0 0 0
0 0 0 0 0
0 0 0 0 0
0 0 0 0 0
0 0 0 0 0
0 0 0 0 0
0 0 0 0 0
0 0 0 0 0
0 0 0 0 0
0 0 0 0 0
0 0 0 0 0
0 0 0 0 0
0 0 0 0 0
0 0 0 0 0
0 0 0 0 0
0 0 0 0 0
0 0 0 0 0
0 0 0 0 0
0 0 0 0 0
0 0 0 0 0
0 0 0 0 0
0 0 0 0 0
0 0 0 0 0
0 0 0 0 0
0 0 0 0 0
0.271908189461101 0 0 0 0
0.456920039141551 0 0 0 0
0.996413029497489 0 0 0 0
1.07230576395523 0 0 0 0
1.25602001207881 0 0 0 0
1.10951841634233 0 0 0 0
1.25206788652577 0 0 0 0
1.1468511656858 0 0 0 0
1.18612650840078 0 0 0 0
1.23238749802113 0 0 0 0
1.32217012287583 0 0 0 0
1.16898129635956 0 0 0 0
1.09462389082182 0 0 0 0
0.986880520940758 0 0 0 0
1.0273815569235 0 0 0 0
0.665689063680475 0 0 0 0
0.632930928986752 0 0 0 0
0.419148675064207 0 0 0 0
0.578280763875227 0 0 0 0
0.0140489573823288 0 0 0 0
0.135703323394409 0 0 0 0
0.510607280375552 0 0 0 0
0 0 0 0 0
0 0 0 0 0
1.63882359629497 0 0 0 0
4.56569850211963 0 0 0 0
11.3768023438752 0 0 0 0
18.6984247993678 0 0 0 0
26.3216714374721 0 0 0 0
26.0211783461273 0 0 0 0
23.3779377304018 0 0 0 0
19.1355703864247 0 0 0 0
13.8502041809261 0 0 0 0
12.0907684322447 0 0 0 0
11.7981729563326 0 0 0 0
10.6427783612162 0 0 0 0
10.0868546869606 0 0 0 0
8.69816285558045 0 0 0 0
7.15981039684266 0 0 0 0
6.23488804558292 0 0 0 0
4.780312650837 0 0 0 0
3.31005355110392 0 0 0 0
2.8569646528922 0 0 0 0
1.89178265281953 0 0 0 0
1.63172684551682 0 0 0 0
1.18517951341346 0 0 0 0
1.10505512930104 0 0 0 0
1.01548366365023 0 0 0 0
1.23362515296321 0 0 0 0
1.11480022314936 0 0 0 0
1.11990704317577 0 0 0 0
1.04006571928039 0 0 0 0
1.03688958188286 0 0 0 0
0.990352040389553 0 0 0 0
0.957250682404265 0 0 0 0
0.964891456533223 0 0 0 0
1.03279305039905 0 0 0 0
0.813386053778231 0 0 0 0
0.828707423352171 0 0 0 0
0.729478197172284 0 0 0 0
0.798694396507926 0 0 0 0
0.46443366954918 0 0 0 0
0.493099021696253 0 0 0 0
0.304410044918768 0 0 0 0
0.346041051670909 0 0 0 0
0.344584794220282 0 0 0 0
0.506934338773135 0 0 0 0
0.422371740569361 0 0 0 0
0.344791261341015 0 0 0 0
0.583362343604676 0 0 0 0
0.622757586825173 0 0 0 0
0.742600968806073 0 0 0 0
0.795644657046068 0 0 0 0
1.15089671453461 0 0 0 0
1.26292862114497 0 0 0 0
1.50525524804834 0 0 0 0
1.39365838549566 0 0 0 0
1.57044558727648 0 0 0 0
1.80601366446353 0 0 0 1
2.11561942705885 0 0 0 1
2.36429352662526 0 0 0 1
3.40926085482351 0 0 0 1
4.57274640211836 0 0 0 1
8.67097929585725 0 0 0 1
11.4504779921845 0 0 0 1
11.7618746589869 0 0 0 1
9.80135891586542 0 0 0 1
7.85224739229307 0 0 0 1
5.43293741066009 0 0 0 1
3.74392699450254 0 0 0 1
2.59606601321138 0 0 0 1
2.14113155379891 0 0 0 1
2.06727482145652 0 0 0 1
2.37693900999147 0 0 0 1
2.48981369077228 0 0 0 1
3.15084884641692 0 0 0 1
2.56063914275728 0 0 0 1
2.08017740806099 0 0 0 1
1.78825559851248 0 0 0 1
1.47431479126681 0 0 0 1
1.00167815980967 0 0 0 1
0.76455355156213 0 0 0 1
0.579328370804433 0 0 0 1
0.292728663680464 0 0 0 1
0.0813926096725481 0 0 0 1
0.0385182920581428 0 0 0 1
0 0 0 0 1
0 0 0 0 1
0 0 0 0 1
0 0 0 0 1
0 1 0 0 0
0.0903426189324819 1 0 0 0
0.0622406150796451 1 0 0 0
0.123466363675107 1 0 0 0
0.159045119289658 1 0 0 0
0.169008689226757 1 0 0 0
0.231583135246183 1 0 0 0
0.221920018248056 1 0 0 0
0.328634403558681 1 0 0 0
0.222437833144795 1 0 0 0
0.309421888232464 1 0 0 0
0.453682208899409 1 0 0 0
0.480849759696866 1 0 0 0
0.378785844077356 1 0 0 0
0.429684965638444 1 0 0 0
0.240188033785671 1 0 0 0
0.311919877276523 1 0 0 0
0 1 0 0 0
0 1 0 0 0
0 1 0 0 0
0.14154097152641 1 0 0 0
0 1 0 0 0
0.0410027505495236 1 0 0 0
0 1 0 0 0
0 1 0 0 0
0.185410929759655 1 0 0 0
0 1 0 0 0
0.182160036274581 1 0 0 0
0.155251049363869 1 0 0 0
0.0762417421356076 1 0 0 0
0.00677266962156864 1 0 0 0
0 1 0 0 0
0 1 0 0 0
0 1 0 0 0
0 1 0 0 0
0 1 0 0 0
0 1 0 0 0
0 1 0 0 0
0 1 0 0 0
0 1 0 0 0
0 1 0 0 0
0 1 0 0 0
0 1 0 0 0
0 1 0 0 0
0 1 0 0 0
0 1 0 0 0
0 1 0 0 0
0 1 0 0 0
0 1 0 0 0
0 1 0 0 0
0 1 0 0 0
0 1 0 0 0
0.344067698279105 1 0 0 0
0.339688480380573 1 0 0 0
1.07658580236603 1 0 0 0
2.37456076138187 1 0 0 0
2.61856790166348 1 0 0 0
1.2963971530553 1 0 0 0
1.3683377255802 1 0 0 0
0.772292722103884 1 0 0 0
0.289836687443312 1 0 0 0
0.172511576238321 1 0 0 0
0.063003417380969 1 0 0 0
0 1 0 0 0
0 1 0 0 0
0 1 0 0 0
0 1 0 0 0
0 1 0 0 0
0 1 0 0 0
0 1 0 0 0
0 1 0 0 0
0 1 0 0 0
0 1 0 0 0
0 1 0 0 0
0 1 0 0 0
0 1 0 0 0
0 1 0 0 0
0 1 0 0 0
0 1 0 0 0
0 1 0 0 0
0 1 0 0 0
0 1 0 0 0
0 1 0 0 0
0 1 0 0 0
0 1 0 0 0
0 1 0 0 0
0 1 0 0 0
0 1 0 0 0
0 1 0 0 0
0 1 0 0 0
0 1 0 0 0
0 1 0 0 0
0 1 0 0 0
0 1 0 0 0
0 1 0 0 0
0 1 0 0 0
0.149458786381729 1 0 0 0
0.18421946788294 1 0 0 0
0.239568151300773 1 0 0 0
0.304377223073971 1 0 0 0
0.260324355622288 1 0 0 0
0.11282340165053 1 0 0 0
0.0114857703010784 1 0 0 0
0.171528902001228 1 0 0 0
0.134502864966635 1 0 0 0
0.0958221535256598 1 0 0 0
0 1 0 0 0
0.163176417117938 1 0 0 0
0 1 0 0 0
0.112451850782236 1 0 0 0
0.43874088839857 1 0 0 0
0.384232567739673 1 0 0 0
0.0594168031966547 1 0 0 0
0.290203558733992 1 0 0 0
0.292866450394058 1 0 0 0
0.333690297338762 1 0 0 0
0.2215851575329 1 0 0 0
0.202718744731101 1 0 0 0
0.0177333604369778 1 0 0 0
0.00868602728587575 1 0 0 0
0.16793143004179 1 0 0 0
0.198416364128207 1 0 0 0
0.0055731779866619 1 0 0 0
0 1 0 0 0
0 1 0 0 0
0 0 1 0 0
0 0 0 0 0
0 0 0 0 0
0 0 0 0 0
0 0 0 0 0
0 0 0 0 0
0 0 0 0 0
0 0 0 0 0
0.0318910867918021 0 0 0 0
0.0143202923936769 0 0 0 0
0.119775628263596 0 0 0 0
0.0568685609323438 0 0 0 0
0.297683357530332 0 0 0 0
0.0613511992924032 0 0 0 0
0.239158325712197 0 0 0 0
0.216787119995843 0 0 0 0
0.139955336180719 0 0 0 0
0.0674058699132729 0 0 0 0
0.0160948347911472 0 0 0 0
0.0225807525566779 0 0 0 0
0.105411326785543 0 0 0 0
0 0 0 0 0
0.0833558942758827 0 0 0 0
0 0 0 0 0
0 0 0 0 0
0 0 0 0 0
0 0 0 0 0
0 0 0 0 0
0 0 0 0 0
0 0 0 0 0
0 0 0 0 0
0 0 0 0 0
0 0 0 0 0
0 0 0 0 0
0 0 0 0 0
0 0 0 0 0
0 0 0 0 0
0 0 0 0 0
0 0 0 0 0
0 0 0 0 0
0 0 0 0 0
0 0 0 0 0
0 0 0 0 0
0 0 0 0 0
0 0 0 0 0
0 0 0 0 0
0 0 0 0 0
0 0 0 0 0
0 0 0 0 0
0 0 0 0 0
0 0 0 0 0
0 0 0 0 0
0 0 0 0 0
0 0 0 0 0
0 0 0 0 0
0 0 0 0 0
0 0 0 0 0
0 0 0 0 0
0 0 0 0 0
0 0 0 0 0
0 0 0 0 0
0 0 0 0 0
0 0 0 0 0
0 0 0 0 0
0 0 0 0 0
0 0 0 0 0
0 0 0 0 0
0 0 0 0 0
0 0 0 0 0
0 0 0 0 0
0 0 0 0 0
0 0 0 0 0
0 0 0 0 0
0 0 0 0 0
0 0 0 0 0
0 0 0 0 0
0 0 0 0 0
0.0764788106835113 0 0 0 0
0.179316841240507 0 0 0 0
0.051688497478608 0 0 0 0
0.10526659707466 0 0 0 0
0.113564079583739 0 0 0 0
0.0484959687128139 0 0 0 0
0 0 0 0 0
0 0 0 0 0
0 0 0 0 0
0 0 0 0 0
0 0 0 0 0
0 0 0 0 0
0 0 0 0 0
0 0 0 0 0
0 0 0 0 0
0 0 0 0 0
0 0 0 0 0
0 0 0 0 0
0 0 0 0 0
0 0 0 0 0
0.00426829774369253 0 0 0 0
0 0 0 0 0
0 0 0 0 0
0.0564238555398333 0 0 0 0
0 0 0 0 0
0.0691236464263056 0 0 0 0
0.0141561493478548 0 0 0 0
0 0 0 0 0
0.0478267666039756 0 0 0 0
0.01340634207736 0 0 0 0
0.106709963802132 0 0 0 0
0 0 0 0 0
0.00859564352140296 0 0 0 0
0 0 0 0 0
0 0 0 0 0
0 0 0 0 0
0 0 0 0 0
0 0 0 0 0
0 0 0 0 0
0 0 0 0 0
0 0 0 0 0
0 0 0 0 0
0 0 0 0 0
0 0 0 0 0
0.0149931775013101 0 0 0 0
0.0169899776665261 0 0 0 0
0 0 0 0 0
0 0 0 0 1
0 0 0 0 1
0 0 0 0 1
0 0 0 0 1
0 0 0 0 1
0.00573695288608178 0 0 0 1
0.141367780997825 0 0 0 1
0.236602872064395 0 0 0 1
0.360504309355747 0 0 0 1
0.332113594140537 0 0 0 1
0.313139705212961 0 0 0 1
0.302594104141463 0 0 0 1
0.313262034069339 0 0 0 1
0.480607184726978 0 0 0 1
0.487901058022544 0 0 0 1
0.589219755056547 0 0 0 1
0.867744834977202 0 0 0 1
0.797723851064802 0 0 0 1
1.31112744566053 0 0 0 1
0.887093476194423 0 0 0 1
1.41857560811331 0 0 0 1
1.30690968944691 0 0 0 1
1.20780045836 0 0 0 1
1.16794690984534 0 0 0 1
1.00024234779994 0 0 0 1
1.16169510147301 0 0 0 1
1.07257155468687 0 0 0 1
1.05736417754088 0 0 0 1
0.749287100916263 0 0 0 1
0.496090335218469 0 0 0 1
0.796028139305349 0 0 0 1
0.68901839767932 0 0 0 1
0.140725959681731 1 0 0 0
0.0733093365852255 1 0 0 0
0.104730062957969 1 0 0 0
0.122959168948 1 0 0 0
0 1 0 0 0
0 1 0 0 0
0 1 0 0 0
0 1 0 0 0
0 1 0 0 0
0 1 0 0 0
0 1 0 0 0
0 1 0 0 0
0 1 0 0 0
0 1 0 0 0
0 1 0 0 0
0 1 0 0 0
0 1 0 0 0
0 1 0 0 0
0 1 0 0 0
0 1 0 0 0
0 1 0 0 0
0 1 0 0 0
0 1 0 0 0
0 1 0 0 0
0 1 0 0 0
0.241103036387358 1 0 0 0
0.154497525727493 1 0 0 0
0 1 0 0 0
0 1 0 0 0
0.891340296220733 1 0 0 0
1.48310097574722 1 0 0 0
1.96043752657715 1 0 0 0
2.5284626026405 1 0 0 0
2.33344692969695 1 0 0 0
1.22367443691473 1 0 0 0
1.018689457851 1 0 0 0
0.932672366616316 1 0 0 0
0.975528215349186 1 0 0 0
0.529601195012219 1 0 0 0
0.631451429171648 1 0 0 0
0.269764301265241 1 0 0 0
0.315893470542505 1 0 0 0
0.178897204023087 1 0 0 0
0 1 0 0 0
0.0656086019716895 1 0 0 0
0 1 0 0 0
0.671150864945957 1 0 0 0
1.51359107985627 1 0 0 0
1.5389433974633 1 0 0 0
2.8173562604934 1 0 0 0
3.73962576850317 1 0 0 0
5.20638667512685 1 0 0 0
6.66282250313088 1 0 0 0
9.51748073566705 1 0 0 0
10.3576108813286 1 0 0 0
9.64629091322422 1 0 0 0
7.70525133702904 1 0 0 0
6.32976432098076 1 0 0 0
5.46880887122825 1 0 0 0
4.00825828546658 1 0 0 0
3.36966256145388 1 0 0 0
2.34310346422717 1 0 0 0
1.98960621492006 1 0 0 0
1.13471960139577 1 0 0 0
0.703334053469007 1 0 0 0
0.403446705604438 1 0 0 0
0.456147088698344 1 0 0 0
0.123974590678699 1 0 0 0
0.119445845484734 1 0 0 0
0 1 0 0 0
0.0713172848918475 1 0 0 0
0.00341757913702168 1 0 0 0
0 1 0 0 0
0.0326081135426648 1 0 0 0
0 1 0 0 0
0 1 0 0 0
0 1 0 0 0
0 1 0 0 0
0 1 0 0 0
0 1 0 0 0
0 1 0 0 0
0 1 0 0 0
0 1 0 0 0
0 1 0 0 0
0 1 0 0 0
0 1 0 0 0
0 1 0 0 0
0 1 0 0 0
0 1 0 0 0
0 1 0 0 0
0 1 0 0 0
0 1 0 0 0
0 1 0 0 0
0 1 0 0 0
0 1 0 0 0
0 1 0 0 0
0 1 0 0 0
0 1 0 0 0
0 1 0 0 0
0 1 0 0 0
0 1 0 0 0
0 1 0 0 0
0 1 0 0 0
0.0270180403276754 1 0 0 0
0 1 0 0 0
0 1 0 0 0
0 1 0 0 0
0 1 0 0 0
0 1 0 0 0
0 1 0 0 0
0 1 0 0 0
0 1 0 0 0
0 1 0 0 0
0.0532582871528575 1 0 0 0
0.0593627819398534 1 0 0 0
0.164607998158317 1 0 0 0
0.0661930072851646 1 0 0 0
0.263006886598305 1 0 0 0
0.311678384605329 1 0 0 0
0.424778876549681 1 0 0 0
0.424535894126166 1 0 0 0
0.331153302795428 1 0 0 0
0.394185354480214 1 0 0 0
0.464650205685757 1 0 0 0
0.441574822616531 1 0 0 0
0.119839376566233 0 1 0 0
0.482576598187734 0 0 0 0
0.422722184339364 0 0 0 0
0.605293389526196 0 0 0 0
0.445687801402528 0 0 0 0
0.67365448376222 0 0 0 0
0.180744296812918 0 0 0 0
0.0545906723345979 0 0 0 0
0.0274007215921301 0 0 0 0
0.320238430504105 0 0 0 0
0.0797445372882066 0 0 0 0
0.128504401800456 0 0 0 0
0.170426348631736 0 0 0 0
0.041079938000621 0 0 0 0
0.0231642270591692 0 0 0 0
0.131157976284157 0 0 0 0
0 0 0 0 0
0 0 0 0 0
0 0 0 0 0
0 0 0 0 0
0 0 0 0 0
0 0 0 0 0
0 0 0 0 0
0 0 0 0 0
0 0 0 0 0
0 0 0 0 0
0.0219060090103085 0 0 0 0
0.110930392793307 0 0 0 0
0.0862117394717643 0 0 0 0
0.0821108465061116 0 0 0 0
0.0189810049846528 0 0 0 0
0 0 0 0 0
0 0 0 0 0
0 0 0 0 0
0 0 0 0 0
0 0 0 0 0
0 0 0 0 0
0.00559338297989598 0 0 0 0
0.0437707159903766 0 0 0 0
0.30861249388181 0 0 0 0
0.249746302870335 0 0 0 0
0.399567747081164 0 0 0 0
0.364662522770232 0 0 0 0
0.205269782782125 0 0 0 0
0.252502242801711 0 0 0 0
0.0537086270924192 0 0 0 0
0 0 0 0 0
0 0 0 0 0
0 0 0 0 0
0 0 0 0 0
0 0 0 0 0
0.00105570416053524 0 0 0 0
0 0 0 0 0
0.0693244351168687 0 0 0 0
0.178611326191458 0 0 0 0
0.0213514535971626 0 0 0 0
0 0 0 0 0
0 0 0 0 0
0 0 0 0 0
0 0 0 0 0
0 0 0 0 0
0 0 0 0 0
0 0 0 0 0
0 0 0 0 0
0 0 0 0 0
0 0 0 0 0
0 0 0 0 0
0 0 0 0 0
0 0 0 0 0
0 0 0 0 0
0 0 0 0 0
0 0 0 0 0
0 0 0 0 0
0 0 0 0 0
0 0 0 0 0
0 0 0 0 0
0 0 0 0 0
0 0 0 0 0
0 0 0 0 0
0 0 0 0 0
0 0 0 0 0
0 0 0 0 0
0 0 0 0 0
0 0 0 0 0
0 0 0 0 0
0 0 0 0 0
0 0 0 0 0
0 0 0 0 0
0 0 0 0 0
0 0 0 0 0
0 0 0 0 0
0 0 0 0 0
0 0 0 0 0
0 0 0 0 0
0 0 0 0 0
0 0 0 0 0
0 0 0 0 0
0 0 0 0 0
0 0 0 0 0
0 0 0 0 0
0 0 0 0 0
0 0 0 0 0
0 0 0 0 0
0 0 0 0 0
0 0 0 0 0
0.032295889013767 0 0 0 0
0 0 0 0 0
0 0 0 0 0
0 0 0 0 0
0 0 0 0 0
0.146200090966886 0 0 0 0
0.0581932254135609 0 0 0 0
0.147705714311996 0 0 0 0
0.159680144861341 0 0 0 0
0.178933189431518 0 0 0 0
0.185871729627252 0 0 0 0
0.127498106394341 0 0 0 0
0.122529924055925 0 0 0 0
0.125968688394096 0 0 0 0
0.184833119419636 0 0 0 0
0.224556910325191 0 0 0 0
0.281968013950973 0 0 0 0
0.315289386719542 0 0 0 0
0.281533786619548 0 0 0 0
0.395304897210735 0 0 0 1
0.382546797482064 0 0 0 1
0.464065321921225 0 0 0 1
0.601178682700265 0 0 0 1
0.578290266275872 0 0 0 1
0.540228651516372 0 0 0 1
0.543759852007497 0 0 0 1
0.46046743500483 0 0 0 1
0.430569462878339 0 0 0 1
0.279699353086471 0 0 0 1
0.273050269697706 0 0 0 1
0.203417099328362 0 0 0 1
0.170998554494872 0 0 0 1
0.0888793765625451 0 0 0 1
0.0210529192372633 0 0 0 1
0 0 0 0 1
0 0 0 0 1
0 0 0 0 1
0 0 0 0 1
0 0 0 0 1
0 0 0 0 1
0.0427789511832088 0 0 0 1
0.107264702819521 0 0 0 1
0.190282897619909 0 0 0 1
0.239931980445363 0 0 0 1
0.326145534927491 0 0 0 1
0.244779840613774 0 0 0 1
0.373033250752997 0 0 0 1
0.328328787873033 0 0 0 1
0.424288864451228 0 0 0 1
0.425366823037621 0 0 0 1
0.439514311437961 0 0 0 1
0 1 0 0 0
0 1 0 0 0
0 1 0 0 0
0 1 0 0 0
0 1 0 0 0
0 1 0 0 0
0 1 0 0 0
0 1 0 0 0
0 1 0 0 0
0.0125882688735146 1 0 0 0
0.00262409321294399 1 0 0 0
0.181765804882161 1 0 0 0
0.153727087081279 1 0 0 0
0 1 0 0 0
0 1 0 0 0
0 1 0 0 0
0 1 0 0 0
0 1 0 0 0
0 1 0 0 0
0 1 0 0 0
0 1 0 0 0
0 1 0 0 0
0 1 0 0 0
0 1 0 0 0
0 1 0 0 0
0 1 0 0 0
0 1 0 0 0
0.281915519735776 1 0 0 0
0.206961158255581 1 0 0 0
1.29614333764039 1 0 0 0
1.4353670339915 1 0 0 0
1.68758071959019 1 0 0 0
2.20442620047834 1 0 0 0
2.40688014309853 1 0 0 0
3.90950229484588 1 0 0 0
7.55972368642688 1 0 0 0
10.5801394674927 1 0 0 0
9.42659378051758 1 0 0 0
7.44532374665141 1 0 0 0
4.42339561413974 1 0 0 0
3.25256754877046 1 0 0 0
2.26294048479758 1 0 0 0
0.979880278464407 1 0 0 0
0.742428033845499 1 0 0 0
0.216748854654725 1 0 0 0
0 1 0 0 0
0 1 0 0 0
0 1 0 0 0
0.0345084386026429 1 0 0 0
0.0111005765575101 1 0 0 0
0.10673180622689 1 0 0 0
0.0463668729935307 1 0 0 0
0.104523402114864 1 0 0 0
0.0910513131202606 1 0 0 0
0.23684510779276 1 0 0 0
0.177798651975536 1 0 0 0
0.285287293081637 1 0 0 0
0.246492076996674 1 0 0 0
0.292688750050729 1 0 0 0
0.278878862445708 1 0 0 0
0.237617266250822 1 0 0 0
0.279708388916333 1 0 0 0
0.361357069778023 1 0 0 0
0.297423908705241 1 0 0 0
0.350991449522553 1 0 0 0
0.310151926896651 1 0 0 0
0.286869239062071 1 0 0 0
0.146141701407032 1 0 0 0
0.128584866615711 1 0 0 0
0.0643840025986719 1 0 0 0
0 1 0 0 0
0 1 0 0 0
0 1 0 0 0
0 1 0 0 0
0 1 0 0 0
0 1 0 0 0
0 1 0 0 0
0 1 0 0 0
0 1 0 0 0
0 1 0 0 0
0.0906419481907506 1 0 0 0
0.203515874090954 1 0 0 0
0.160002474331122 1 0 0 0
0.367424192518229 1 0 0 0
0.371444274605892 1 0 0 0
0.385468320018845 1 0 0 0
0.505627198435832 1 0 0 0
0.533506133024275 1 0 0 0
0.621458275418263 1 0 0 0
0.619380385614932 1 0 0 0
0.690628679876681 1 0 0 0
0.830626195238438 1 0 0 0
0.719568939530291 1 0 0 0
0.709500949596986 1 0 0 0
0.557534678591765 1 0 0 0
0.287355906039011 1 0 0 0
0.566978465940338 1 0 0 0
0.269681520876475 1 0 0 0
0.286178939859383 1 0 0 0
0.26454896942596 1 0 0 0
0.288177543552592 1 0 0 0
0.247443698754068 1 0 0 0
0.332698833517497 1 0 0 0
0.544399910722859 1 0 0 0
0.525452560395934 1 0 0 0
0.616555233136751 1 0 0 0
0.725968697224744 1 0 0 0
0.895608172868378 1 0 0 0
0.866015943756793 1 0 0 0
0.971638764895033 1 0 0 0
1.137556762842 1 0 0 0
1.6145285917446 1 0 0 0
1.98457881924696 1 0 0 0
2.48706879210658 1 0 0 0
3.34466464119032 1 0 0 0
5.29004161944613 1 0 0 0
6.06866873567924 1 0 0 0
7.56186048965901 1 0 0 0
11.242558946833 1 0 0 0
12.8567881183699 1 0 0 0
13.9982856344432 1 0 0 0
11.5278237499297 1 0 0 0
10.8828893862665 1 0 0 0
8.54043033905327 1 0 0 0
7.95245915651321 1 0 0 0
7.07569974474609 0 1 0 0
6.30078045651317 0 0 0 0
4.53373079653829 0 0 0 0
4.36721439473331 0 0 0 0
3.00543598132208 0 0 0 0
3.01031756680459 0 0 0 0
2.2500277555082 0 0 0 0
2.88742707925849 0 0 0 0
2.27806603652425 0 0 0 0
2.91392719373107 0 0 0 0
4.16305667022243 0 0 0 0
6.20403146604076 0 0 0 0
9.75495227612555 0 0 0 0
14.5678552798927 0 0 0 0
16.7913441546261 0 0 0 0
16.288758488372 0 0 0 0
15.4274750966579 0 0 0 0
12.197783915326 0 0 0 0
10.3360002394766 0 0 0 0
6.80896721314639 0 0 0 0
6.57168810721487 0 0 0 0
5.66641398472711 0 0 0 0
7.81624286901206 0 0 0 0
11.3733508624136 0 0 0 0
15.1784224435687 0 0 0 0
18.2426949031651 0 0 0 0
19.9351361952722 0 0 0 0
18.6975325923413 0 0 0 0
15.3614198789001 0 0 0 0
12.1781165944412 0 0 0 0
8.68919224012643 0 0 0 0
7.01928907074034 0 0 0 0
5.12741890270263 0 0 0 0
3.99948615813628 0 0 0 0
3.04803636390716 0 0 0 0
2.5122084771283 0 0 0 0
2.09039758192375 0 0 0 0
1.25295331235975 0 0 0 0
1.13193088327534 0 0 0 0
0.75363353244029 0 0 0 0
0.728970997442957 0 0 0 0
0.519447185070021 0 0 0 0
0.497195123898564 0 0 0 0
0.455408309790073 0 0 0 0
0.467911177111091 0 0 0 0
0.511852758791065 0 0 0 0
0.557581523025874 0 0 0 0
0.539444743480999 0 0 0 0
0.717530718247872 0 0 0 0
0.91144435282331 0 0 0 0
0.839767895740806 0 0 0 0
1.06312402203912 0 0 0 0
1.27932355098892 0 0 0 0
1.93666844279505 0 0 0 0
1.9392202666495 0 0 0 0
2.36502476036549 0 0 0 0
1.72596691118088 0 0 0 0
1.56627869000658 0 0 0 0
1.27705445629545 0 0 0 0
1.30792963318527 0 0 0 0
1.019837349304 0 0 0 0
0.772694678744301 0 0 0 0
0.58144293143414 0 0 0 0
0.209303336305311 0 0 0 0
0.370474905139417 0 0 0 0
0.335346619976917 0 0 0 0
0.224049299504259 0 0 0 0
0.256082604209951 0 0 0 0
0.245965737576626 0 0 0 0
0.300115450954763 0 0 0 0
0.390709894418251 0 0 0 0
0.45247795060277 0 0 0 0
0.603885928285308 0 0 0 0
0.673035046929726 0 0 0 0
1.12661801904324 0 0 0 0
1.24130507902009 0 0 0 0
1.81943795178086 0 0 0 0
1.65758673392702 0 0 0 0
2.1761964308098 0 0 0 0
2.06549039285164 0 0 0 0
2.07090849289671 0 0 0 0
1.75161003426183 0 0 0 0
1.82212349318434 0 0 0 0
1.58501998521388 0 0 0 0
2.87051676423289 0 0 0 0
3.0175028659869 0 0 0 0
3.81100550293922 0 0 0 0
3.87899659108371 0 0 0 0
4.47745871497318 0 0 0 0
4.8023178242147 0 0 0 0
5.93304075300694 0 0 0 0
6.58399786334485 0 0 0 0
4.80021303519607 0 0 0 0
4.02570475125685 0 0 0 0
2.69305339315906 0 0 0 0
2.27000389713794 0 0 0 0
1.83313857996836 0 0 0 0
1.14893858699361 0 0 0 0
0.716691283741966 0 0 0 0
0.701968572684564 0 0 0 0
0.795064439444104 0 0 0 0
0.456182664493099 0 0 0 0
0.621382350800559 0 0 0 0
0.66919040546054 0 0 0 0
0.814564540633 0 0 0 0
1.23421767784748 0 0 0 0
1.3601680402644 0 0 0 0
1.50956002471503 0 0 0 0
1.55565388558898 0 0 0 0
2.2433383128373 0 0 0 0
4.90340410033241 0 0 0 0
9.40123049076647 0 0 0 0
14.1217927448452 0 0 0 0
20.714488113299 0 0 0 0
24.0193766076118 0 0 0 0
22.7148020640016 0 0 0 0
20.0445610098541 0 0 0 0
13.921269448474 0 0 0 0
9.74362075794488 0 0 0 0
7.33230169862509 0 0 0 0
4.97805344639346 0 0 0 0
3.71356518007815 0 0 0 0
2.06949337734841 0 0 0 0
2.35175195848569 0 0 0 0
2.2379042202374 0 0 0 1
2.50606177723967 0 0 0 1
2.57020778371952 0 0 0 1
2.2258484386839 0 0 0 1
1.41302970587276 0 0 0 1
1.43897288944572 0 0 0 1
1.25749703147449 0 0 0 1
0.969630615145434 0 0 0 1
0.673822440148797 0 0 0 1
0.360176900358056 0 0 0 1
0.389177024771925 0 0 0 1
0.289199873805046 0 0 0 1
0.171745152329095 0 0 0 1
0.174111923115561 0 0 0 1
0.0994580368569586 0 0 0 1
0.28844168264186 0 0 0 1
0.236664851399837 0 0 0 1
0.291535348878824 0 0 0 1
0.547200304936268 0 0 0 1
0.796051790530328 0 0 0 1
1.003915007459 0 0 0 1
0.890974115463905 0 0 0 1
0.976960523985326 0 0 0 1
0.808818789664656 0 0 0 1
0.760077375161927 0 0 0 1
0.566920076380484 0 0 0 1
0.489829195430502 0 0 0 1
0.431699969340116 0 0 0 1
0.520019602845423 0 0 0 1
0.454721033747774 0 0 0 1
0.509493632307567 0 0 0 1
0.544347756658681 0 0 0 1
0.331663057295373 1 0 0 0
0.54711801931262 1 0 0 0
0.409673943067901 1 0 0 0
0.301822883926661 1 0 0 0
0.12847338712163 1 0 0 0
0 1 0 0 0
0 1 0 0 0
0 1 0 0 0
0 1 0 0 0
0 1 0 0 0
0 1 0 0 0
0 1 0 0 0
0 1 0 0 0
0 1 0 0 0
0 1 0 0 0
0 1 0 0 0
0 1 0 0 0
0 1 0 0 0
0 1 0 0 0
0 1 0 0 0
0 1 0 0 0
0 1 0 0 0
0 1 0 0 0
0 1 0 0 0
0 1 0 0 0
0.149466608036164 1 0 0 0
0.109791523755121 1 0 0 0
0.280171119811712 1 0 0 0
0.159762984594636 1 0 0 0
0.279644500551512 1 0 0 0
0.143175433549914 1 0 0 0
0.0167331691045547 1 0 0 0
0.051637183787534 1 0 0 0
0.116439022349368 1 0 0 0
0.185980271112385 1 0 0 0
0.0639065171981201 1 0 0 0
0.234712288147421 1 0 0 0
0.0861005901242606 1 0 0 0
0.374718892999226 1 0 0 0
0.434879864769755 1 0 0 0
0.68226880102884 1 0 0 0
0.423718804086093 1 0 0 0
0.541065110155614 1 0 0 0
0.437984850577777 1 0 0 0
0.636300137557555 1 0 0 0
0.73318352951901 1 0 0 0
0.771752514992841 1 0 0 0
0.935291980567854 1 0 0 0
1.36910798028111 1 0 0 0
1.09691938996548 1 0 0 0
1.36292389652226 1 0 0 0
1.62581889890134 1 0 0 0
2.07955222867895 1 0 0 0
1.87826284673065 1 0 0 0
2.2247931919992 1 0 0 0
3.07243887800723 1 0 0 0
3.35065496619791 1 0 0 0
4.00280789472163 1 0 0 0
2.97265651170164 1 0 0 0
2.42414517560974 1 0 0 0
2.17804760904983 1 0 0 0
1.99491834791843 1 0 0 0
2.02144871582277 1 0 0 0
1.57089497952256 1 0 0 0
1.49522685387637 1 0 0 0
1.73838745104149 1 0 0 0
1.88153175986372 1 0 0 0
1.91625431762077 1 0 0 0
1.4072054909775 1 0 0 0
1.34877092204988 1 0 0 0
1.22852533240803 1 0 0 0
1.36192928766832 1 0 0 0
1.11577975621913 1 0 0 0
1.46168933133595 1 0 0 0
1.44046818604693 1 0 0 0
1.61140010459349 1 0 0 0
1.66414878913201 1 0 0 0
1.49518296530005 1 0 0 0
1.16567908844445 1 0 0 0
0.827474876132328 1 0 0 0
0.562353685381822 1 0 0 0
0.432763446951867 1 0 0 0
0.375300649466226 1 0 0 0
0.229794104143366 1 0 0 0
0.255583139733062 1 0 0 0
0.281302442999731 1 0 0 0
0.221854916162556 1 0 0 0
0.225419129492366 1 0 0 0
0.493071042001247 1 0 0 0
0.64006671163952 1 0 0 0
0.396804257974281 1 0 0 0
0.456432227110781 1 0 0 0
0.647438559099101 1 0 0 0
0.467715357444831 1 0 0 0
0.431730773925665 1 0 0 0
0.10921965150601 1 0 0 0
0.679835116898175 1 0 0 0
0.968751115578925 1 0 0 0
2.45106479269452 1 0 0 0
5.33434009412304 1 0 0 0
9.90436773281544 1 0 0 0
13.5019742883742 1 0 0 0
14.3078316468745 1 0 0 0
14.5408255048096 1 0 0 0
11.6850450867787 1 0 0 0
8.65009368862957 1 0 0 0
5.84473880007863 1 0 0 0
3.87239293195307 1 0 0 0
2.76139451307245 1 0 0 0
1.4395814796444 1 0 0 0
1.28073333326029 1 0 0 0
0.890832288860111 1 0 0 0
1.80180410097819 1 0 0 0
1.97078539349604 1 0 0 0
2.02652128064074 1 0 0 0
1.5758041117806 1 0 0 0
1.05006400553975 1 0 0 0
0.974336464423686 1 0 0 0
0.76839421672048 1 0 0 0
0.44251064537093 1 0 0 0
0.24306866544066 1 0 0 0
0.218515568121802 1 0 0 0
0.00218865716306027 1 0 0 0
0.0763733871309569 1 0 0 0
0 1 0 0 0
0 0 1 0 0
0 0 0 0 0
0 0 0 0 0
0 0 0 0 0
0 0 0 0 0
0 0 0 0 0
0 0 0 0 0
0 0 0 0 0
0 0 0 0 0
0 0 0 0 0
0 0 0 0 0
0 0 0 0 0
0 0 0 0 0
0 0 0 0 0
0 0 0 0 0
0 0 0 0 0
0 0 0 0 0
0.0849184580147266 0 0 0 0
0.109230864381971 0 0 0 0
0.213791526846308 0 0 0 0
0.0890844971763727 0 0 0 0
0.00173696344063501 0 0 0 0
0 0 0 0 0
0 0 0 0 0
0 0 0 0 0
0 0 0 0 0
0 0 0 0 0
0 0 0 0 0
0 0 0 0 0
0 0 0 0 0
0 0 0 0 0
0 0 0 0 0
0.00761547016736586 0 0 0 0
0.0170737953339994 0 0 0 0
0.116119394078851 0 0 0 0
0.00754087159293704 0 0 0 0
0.196309807506623 0 0 0 0
0.313117863697698 0 0 0 0
0.194225085579092 0 0 0 0
0.533703328983393 0 0 0 0
0.796512867964339 0 0 0 0
1.4316952219815 0 0 0 0
0.712851411662996 0 0 0 0
0.78195796959335 0 0 0 0
1.09461079046014 0 0 0 0
1.36306833155686 0 0 0 0
0.510375368321547 0 0 0 0
0.657044689432951 0 0 0 0
0.541551962669473 0 0 0 0
0.728317239918397 0 0 0 0
0.538931006303756 0 0 0 0
0.711677188519388 0 0 0 0
0.626649300102144 0 0 0 0
0.587958074220296 0 0 0 0
0.30749113739148 0 0 0 0
0.0207645534828771 0 0 0 0
0 0 0 0 0
0.0148634717334062 0 0 0 0
0.12361164772301 0 0 0 0
0 0 0 0 0
0 0 0 0 0
0 0 0 0 0
0.107940519683325 0 0 0 0
0 0 0 0 0
0.0168421720445622 0 0 0 0
0.29531344625866 0 0 0 0
0.348097462847363 0 0 0 0
0.726333983038785 0 0 0 0
0.69656221603509 0 0 0 0
1.02694408269599 0 0 0 0
1.41951399564277 0 0 0 0
1.41401187283918 0 0 0 0
1.468909693358 0 0 0 0
1.39048229175387 0 0 0 0
1.72766944160685 0 0 0 0
2.24299664841965 0 0 0 0
3.4458392765373 0 0 0 0
4.53547039069235 0 0 0 0
4.49095101794228 0 0 0 0
3.13992219162174 0 0 0 0
2.5113036390394 0 0 0 0
1.83364578697365 0 0 0 0
1.17778471758356 0 0 0 0
0.474286905955523 0 0 0 0
0.494276438985253 0 0 0 0
0.0400250228267396 0 0 0 0
0 0 0 0 0
0 0 0 0 0
0 0 0 0 0
0.172093768924242 0 0 0 0
1.08207148150541 0 0 0 0
0.936994008952752 0 0 0 0
2.01684403873514 0 0 0 0
3.6231127451174 0 0 0 0
4.84150869306177 0 0 0 0
5.11133056716062 0 0 0 0
5.05715707549825 0 0 0 0
4.49381157523021 0 0 0 0
3.26175009831786 0 0 0 0
3.20419276249595 0 0 0 0
2.34482111409307 0 0 0 0
1.62454925884958 0 0 0 0
1.06450484599918 0 0 0 0
0.684308295603842 0 0 0 0
0.752235449908767 0 0 0 0
0.200864824364544 0 0 0 0
0.562053255180217 0 0 0 0
0.294242447125725 0 0 0 0
0.344126629897801 0 0 0 0
0.408568892453332 0 0 0 0
0.345178892530384 0 0 0 0
0 0 0 0 0
0 0 0 0 0
0.166406330208702 0 0 0 0
0.385129733331269 0 0 0 0
0.316974689667404 0 0 0 0
0.880566054547671 0 0 0 0
0.584749985137023 0 0 0 0
0.234516659020301 0 0 0 0
0.072842152803787 0 0 0 0
0 0 0 0 0
0 0 0 0 0
0 0 0 0 0
0 0 0 0 0
0 0 0 0 1
0 0 0 0 1
0 0 0 0 1
0 0 0 0 1
0 0 0 0 1
0.0231907251873054 0 0 0 1
0.20101387235627 0 0 0 1
0.241684685533983 0 0 0 1
0.284145258319768 0 0 0 1
0.256746257946361 0 0 0 1
0.265679876520153 0 0 0 1
0.107974470665795 0 0 0 1
0.0677637272019638 0 0 0 1
0.259474902122747 0 0 0 1
0.200005479200627 0 0 0 1
0.0678335018164944 0 0 0 1
0.255546716289246 0 0 0 1
0.0266154820565134 0 0 0 1
0.26055706985062 0 0 0 1
0.794931920609088 0 0 0 1
0.950367732002633 0 0 0 1
1.47588973050006 0 0 0 1
2.40335025591776 0 0 0 1
1.58118033141363 0 0 0 1
1.098184264265 0 0 0 1
0.971726927673444 0 0 0 1
0.912706906092353 0 0 0 1
0.67750033485936 0 0 0 1
0.694785499945283 0 0 0 1
0.507253040268552 0 0 0 1
0.366487078281352 0 0 0 1
0.140605123306159 0 0 0 1
0.235541116126115 1 0 0 0
0 1 0 0 0
0.0229236716222658 1 0 0 0
0 1 0 0 0
0 1 0 0 0
0 1 0 0 0
0 1 0 0 0
0 1 0 0 0
0 1 0 0 0
0 1 0 0 0
0 1 0 0 0
0 1 0 0 0
0 1 0 0 0
0.0291488149741781 1 0 0 0
0.0518529675446189 1 0 0 0
0.022708531673743 1 0 0 0
0.0320827562063641 1 0 0 0
0.0252895079029258 1 0 0 0
0.0625110697001219 1 0 0 0
0.0449879576081003 1 0 0 0
0.0804036399131292 1 0 0 0
0 1 0 0 0
0.00742054407965043 1 0 0 0
0.110944964944792 1 0 0 0
0.22820569211035 1 0 0 0
0.354682508714177 1 0 0 0
0.336925877491012 1 0 0 0
0.462822099507321 1 0 0 0
0.425188003646326 1 0 0 0
0.466680295176047 1 0 0 0
0.238706965319579 1 0 0 0
0.344871500374211 1 0 0 0
0.279652511380846 1 0 0 0
0.309222743453574 1 0 0 0
0.199664197680249 1 0 0 0
0.172637452124036 1 0 0 0
0.217687897929864 1 0 0 0
0.304432402117527 1 0 0 0
0.242769809119636 1 0 0 0
0.383584665542003 1 0 0 0
0.302006309539138 1 0 0 0
0.249093865932082 1 0 0 0
0.278754481769283 1 0 0 0
0.0928775953070726 1 0 0 0
0.298202596241026 1 0 0 0
0.134074680318008 1 0 0 0
0.871837747581594 1 0 0 0
0.172282571838878 1 0 0 0
0.380797850084491 1 0 0 0
0 1 0 0 0
3.50732213701122 1 0 0 0
6.74541405169293 1 0 0 0
13.0230721551925 1 0 0 0
11.8627652991563 1 0 0 0
12.5787548022345 1 0 0 0
7.2344783693552 1 0 0 0
6.88380212523043 1 0 0 0
4.32057020952925 1 0 0 0
3.75677645206451 1 0 0 0
1.84316938975826 1 0 0 0
1.27961066027638 1 0 0 0
0.783934061473701 1 0 0 0
0.616799463386997 1 0 0 0
0.285655914922245 1 0 0 0
0.470014434540644 1 0 0 0
0.470682374725584 1 0 0 0
0.521320524057955 1 0 0 0
0.57583766465541 1 0 0 0
0.629289474090911 1 0 0 0
0.529442626429955 1 0 0 0
0.691227280185558 1 0 0 0
0.552813157355558 1 0 0 0
0.946441999985836 1 0 0 0
0.811844758572988 1 0 0 0
0.766390752687585 1 0 0 0
0.873858931299765 1 0 0 0
0.71798634598963 1 0 0 0
0.631941482424736 1 0 0 0
0.478963553177891 1 0 0 0
0.584863781114109 1 0 0 0
0.323215084790718 1 0 0 0
0.340621076247771 1 0 0 0
0.453518608992454 1 0 0 0
0.282517219602596 1 0 0 0
0.371936333976919 1 0 0 0
0.296457065815048 1 0 0 0
0.260581677139271 1 0 0 0
0.149314842929016 1 0 0 0
0.284070992393026 1 0 0 0
0.259376020039781 1 0 0 0
0.225239850806247 1 0 0 0
0.259576092503266 1 0 0 0
0.289314707970334 1 0 0 0
0.427258251875173 1 0 0 0
0.437684124335647 1 0 0 0
0.406963099521818 1 0 0 0
0.43386095421738 1 0 0 0
0.227542790526059 1 0 0 0
0.271394758954102 1 0 0 0
0.130158750835108 1 0 0 0
0.261331400906784 1 0 0 0
0.0365620080629014 1 0 0 0
0.0353982286469545 1 0 0 0
0.0860583058965858 1 0 0 0
0 1 0 0 0
0.0531034929736052 1 0 0 0
0.314176504616626 1 0 0 0
0.475070391985355 1 0 0 0
0.46889846544218 1 0 0 0
0.985257705906406 1 0 0 0
1.16915498801973 1 0 0 0
2.18397061689757 1 0 0 0
2.65652299276553 1 0 0 0
2.59455206105486 1 0 0 0
1.97368231602013 1 0 0 0
1.22735265904339 1 0 0 0
0.778964604251087 1 0 0 0
1.01609155535698 1 0 0 0
1.78576068719849 1 0 0 0
5.12720184633508 1 0 0 0
7.17486225767061 1 0 0 0
8.12677986687049 1 0 0 0
6.93942862562835 1 0 0 0
5.0682490455074 1 0 0 0
3.75069171423092 1 0 0 0
3.28428475768305 0 1 0 0
2.39541524206288 0 0 0 0
1.11798187435852 0 0 0 0
0.527477968716994 0 0 0 0
0.390568653529044 0 0 0 0
0.254251665410266 0 0 0 0
0.167962305567926 0 0 0 0
0.178853005309065 0 0 0 0
0 0 0 0 0
0 0 0 0 0
0.0149764618981862 0 0 0 0
0 0 0 0 0
0 0 0 0 0
0 0 0 0 0
0 0 0 0 0
0 0 0 0 0
0 0 0 0 0
0 0 0 0 0
0 0 0 0 0
0 0 0 0 0
0 0 0 0 0
0 0 0 0 0
0 0 0 0 0
0 0 0 0 0
0 0 0 0 0
0 0 0 0 0
0.0145158719533356 0 0 0 0
0 0 0 0 0
0 0 0 0 0
0 0 0 0 0
0 0 0 0 0
0 0 0 0 0
0.0251442183980544 0 0 0 0
0.0739369070288376 0 0 0 0
0.130357311718399 0 0 0 0
0.142141896503745 0 0 0 0
0.170182900774307 0 0 0 0
0.129262031805411 0 0 0 0
0.120990436698776 0 0 0 0
0.397650252125459 0 0 0 0
0.294427995640945 0 0 0 0
0.55319458260783 0 0 0 0
0.572225245377922 0 0 0 0
0.880327716004103 0 0 0 0
1.48523786629084 0 0 0 0
1.7622081504669 0 0 0 0
3.10311638168059 0 0 0 0
3.6082629521843 0 0 0 0
4.97017457382753 0 0 0 0
4.94114530738443 0 0 0 0
5.93346374807879 0 0 0 0
5.30039903242141 0 0 0 0
5.33407722832635 0 0 0 0
3.19738474354381 0 0 0 0
2.36393441446126 0 0 0 0
1.40232861303957 0 0 0 0
0.820221051299086 0 0 0 0
0 0 0 0 0
0 0 0 0 0
0 0 0 0 0
2.11926632982795 0 0 0 0
6.65927457157522 0 0 0 0
8.53137794183567 0 0 0 0
4.96299902442843 0 0 0 0
4.3745796137955 0 0 0 0
2.66388623276725 0 0 0 0
2.09032578277402 0 0 0 0
0.222293191484368 0 0 0 0
0.388849945011316 0 0 0 0
0.167056078225869 0 0 0 0
0.0693025999680685 0 0 0 0
0 0 0 0 0
0 0 0 0 0
0 0 0 0 0
0 0 0 0 0
0 0 0 0 0
0 0 0 0 0
0 0 0 0 0
0 0 0 0 0
0 0 0 0 0
0 0 0 0 0
0 0 0 0 0
0 0 0 0 0
0 0 0 0 0
0 0 0 0 0
0 0 0 0 0
0 0 0 0 0
0 0 0 0 0
0 0 0 0 0
0 0 0 0 0
0 0 0 0 0
0 0 0 0 0
0 0 0 0 0
0 0 0 0 0
0.104271769259867 0 0 0 0
0.252802849900036 0 0 0 0
0.40990124534801 0 0 0 0
0.529653703779331 0 0 0 0
0.585822263019509 0 0 0 0
0.772215440520085 0 0 0 0
0.680258501233766 0 0 0 0
0.788715682574548 0 0 0 0
0.559733685804531 0 0 0 0
0.318008147587534 0 0 0 0
0.287857599687413 0 0 0 0
0 0 0 0 0
0.0569609464946552 0 0 0 0
0 0 0 0 0
0 0 0 0 0
0 0 0 0 0
0 0 0 0 0
0 0 0 0 0
0 0 0 0 0
0 0 0 0 0
0 0 0 0 0
0 0 0 0 0
0 0 0 0 0
0.144845340400934 0 0 0 0
0.23450735170627 0 0 0 0
0.338154865403339 0 0 0 0
0.259551223280141 0 0 0 0
0.260235277437459 0 0 0 0
0.378820675905445 0 0 0 0
0.312244656015537 0 0 0 0
0.304275706184853 0 0 0 1
0.180208494839462 0 0 0 1
0.289041573338977 0 0 0 1
0.260597326359857 0 0 0 1
0.252575469403382 0 0 0 1
0.245430925133405 0 0 0 1
0.0598145634285174 0 0 0 1
0.00992864079307765 0 0 0 1
0 0 0 0 1
0.0605956229264848 0 0 0 1
0.129164572626905 0 0 0 1
0.187499921594281 0 0 0 1
0.0938786633923883 0 0 0 1
0.314164894803071 0 0 0 1
0.538279149623122 0 0 0 1
0.67467731423676 0 0 0 1
1.17013701674296 0 0 0 1
1.21396573376842 0 0 0 1
1.707789277134 0 0 0 1
1.56962876280886 0 0 0 1
1.78320753911976 0 0 0 1
1.61495596694294 0 0 0 1
1.52680986138876 0 0 0 1
1.1009534355253 0 0 0 1
3.54117105598561 0 0 0 1
5.81721251364797 0 0 0 1
11.0947086941451 0 0 0 1
16.1295533180237 0 0 0 1
21.6418588533998 0 0 0 1
20.5381158739328 0 0 0 1
16.6220178361982 0 0 0 1
11.588076245971 0 0 0 1
0 1 0 0 0
0 1 0 0 0
0 1 0 0 0
0 1 0 0 0
0 1 0 0 0
0 1 0 0 0
0 1 0 0 0
0 1 0 0 0
0 1 0 0 0
0 1 0 0 0
0 1 0 0 0
0 1 0 0 0
0 1 0 0 0
0 1 0 0 0
0 1 0 0 0
0 1 0 0 0
0 1 0 0 0
0 1 0 0 0
0.0237738694579548 1 0 0 0
0.027473923182697 1 0 0 0
0.21317493872175 1 0 0 0
0.10573575127637 1 0 0 0
0.230331210332224 1 0 0 0
0.190228784049395 1 0 0 0
0.254333394423156 1 0 0 0
0.165259046752908 1 0 0 0
0.0427873783337418 1 0 0 0
0.0231911435548682 1 0 0 0
0 1 0 0 0
0.0971909139479976 1 0 0 0
0.0511257871949056 1 0 0 0
0 1 0 0 0
0 1 0 0 0
0.0212729937629774 1 0 0 0
0 1 0 0 0
0 1 0 0 0
0 1 0 0 0
0 1 0 0 0
0 1 0 0 0
0.0323367312375922 1 0 0 0
0.157461827598127 1 0 0 0
0.241011339312536 1 0 0 0
0.285395704850089 1 0 0 0
0.23419800800184 1 0 0 0
0.223363746044924 1 0 0 0
0.27865321317222 1 0 0 0
0.173642481797742 1 0 0 0
0.357854049980233 1 0 0 0
0.290957093397992 1 0 0 0
0.335032218572451 1 0 0 0
0.227031623580842 1 0 0 0
0.191083554454963 1 0 0 0
0.18120337044536 1 0 0 0
0.191986599020311 1 0 0 0
0.257927646089229 1 0 0 0
0.300803306345188 1 0 0 0
0.391035198845202 1 0 0 0
0.293301418423653 1 0 0 0
0.398489230065024 1 0 0 0
0.300994044664549 1 0 0 0
0.283600342982027 1 0 0 0
0.252574673140771 1 0 0 0
0.295673820801312 1 0 0 0
0.287780403596116 1 0 0 0
0.300881310977275 1 0 0 0
0.248309263042756 1 0 0 0
0.089144929916074 1 0 0 0
0 1 0 0 0
0.141181561957637 1 0 0 0
0.517936571668542 1 0 0 0
0.570850088479347 1 0 0 0
0.664984523609746 1 0 0 0
1.09155788231874 1 0 0 0
1.44738507515285 1 0 0 0
1.74276242614724 1 0 0 0
2.36875763221178 1 0 0 0
2.80818686587736 1 0 0 0
1.91246511531062 1 0 0 0
0.885155735886656 1 0 0 0
0.954961215029471 1 0 0 0
1.0871758167923 1 0 0 0
0.665742496494204 1 0 0 0
0.501086142321583 1 0 0 0
0.439977182395523 1 0 0 0
0.3934904034395 1 0 0 0
0.116267805424286 1 0 0 0
0 1 0 0 0
0.114001280962839 1 0 0 0
0 1 0 0 0
0.233455441502883 1 0 0 0
0.43709696183214 1 0 0 0
0.749812440517417 1 0 0 0
0.448247021267889 1 0 0 0
0.613561209320324 1 0 0 0
2.46366791543551 1 0 0 0
4.93292568717152 1 0 0 0
10.1460223086178 1 0 0 0
12.5161309260875 1 0 0 0
16.5918478742242 1 0 0 0
15.7030348200351 1 0 0 0
14.2770009115338 1 0 0 0
11.3130232784897 1 0 0 0
9.97664977330714 1 0 0 0
8.18626792170107 1 0 0 0
7.36227491870522 1 0 0 0
7.36077036708593 1 0 0 0
5.9091568691656 1 0 0 0
5.28758420841768 1 0 0 0
2.94043947360478 1 0 0 0
1.93803082220256 1 0 0 0
1.27760953182587 1 0 0 0
0.794659987150226 1 0 0 0
0.405133093408949 1 0 0 0
0.331263381667668 1 0 0 0
0.229699769079161 1 0 0 0
0.257620681622939 1 0 0 0
0.178443264303496 1 0 0 0
0.0877667716849828 1 0 0 0
0.100148516139598 1 0 0 0
0 1 0 0 0
0 1 0 0 0
0 1 0 0 0
0 1 0 0 0
0 1 0 0 0
0 1 0 0 0
0 0 1 0 0
0 0 0 0 0
0 0 0 0 0
0 0 0 0 0
0.0252757663474767 0 0 0 0
0.152296477267555 0 0 0 0
0.0907099329197081 0 0 0 0
0.0883219336174079 0 0 0 0
0 0 0 0 0
0.0388963162549771 0 0 0 0
0.0531605946889613 0 0 0 0
0 0 0 0 0
0 0 0 0 0
0 0 0 0 0
0 0 0 0 0
0 0 0 0 0
0.0165911842486821 0 0 0 0
0.0768489203437639 0 0 0 0
0.131609291202039 0 0 0 0
0.228626417083433 0 0 0 0
0.280612004189607 0 0 0 0
0.356786547854426 0 0 0 0
0.168886845131055 0 0 0 0
0.247994339588331 0 0 0 0
0.355634057086718 0 0 0 0
0.124637086628354 0 0 0 0
0 0 0 0 0
0 0 0 0 0
0.914116299099987 0 0 0 0
2.170703955926 0 0 0 0
3.53371878736652 0 0 0 0
3.61997750587761 0 0 0 0
2.29199696332216 0 0 0 0
1.1721108603524 0 0 0 0
1.46061032137368 0 0 0 0
0.641963259113254 0 0 0 0
0.192552524822531 0 0 0 0
0 0 0 0 0
0 0 0 0 0
0 0 0 0 0
0 0 0 0 0
0 0 0 0 0
0 0 0 0 0
0 0 0 0 0
0 0 0 0 0
0 0 0 0 0
0 0 0 0 0
0 0 0 0 0
0 0 0 0 0
0 0 0 0 0
0 0 0 0 0
0 0 0 0 0
0 0 0 0 0
0 0 0 0 0
0 0 0 0 0
0.0213437697311747 0 0 0 0
0 0 0 0 0
0 0 0 0 0
0 0 0 0 0
0 0 0 0 0
0 0 0 0 0
0.0633723625469429 0 0 0 0
0 0 0 0 0
0.0754595212129061 0 0 0 0
0.220130754314596 0 0 0 0
0.400035078200744 0 0 0 0
0.632810479146428 0 0 0 0
1.00989214843139 0 0 0 0
0.660219135170337 0 0 0 0
0.383402099032537 0 0 0 0
0.210606633118005 0 0 0 0
0.193203943126719 0 0 0 0
0.139142152420391 0 0 0 0
0.197609834231116 0 0 0 0
0.0500471360282972 0 0 0 0
0.150376307828992 0 0 0 0
0.229550107178511 0 0 0 0
0.373179698726744 0 0 0 0
0.432814247687929 0 0 0 0
0.246725958277239 0 0 0 0
0.278080198768293 0 0 0 0
0.396951154471026 0 0 0 0
0.408621825044975 0 0 0 0
0.193376932656975 0 0 0 0
0.00926344819163205 0 0 0 0
0.0595516539760865 0 0 0 0
0.010079800404128 0 0 0 0
0 0 0 0 0
0 0 0 0 0
0.0102126059573493 0 0 0 0
0 0 0 0 0
0 0 0 0 0
0 0 0 0 0
0 0 0 0 0
0 0 0 0 0
0 0 0 0 0
0 0 0 0 0
0 0 0 0 0
0 0 0 0 0
0 0 0 0 0
0 0 0 0 0
0 0 0 0 0
0.0968379881669534 0 0 0 0
0.00599240638621268 0 0 0 0
0.139292884341558 0 0 0 0
0.0180591850948986 0 0 0 0
0.0304158293147339 0 0 0 0
0 0 0 0 0
0 0 0 0 0
0 0 0 0 0
0 0 0 0 0
0 0 0 0 0
0 0 0 0 0
0 0 0 0 0
0 0 0 0 0
0 0 0 0 0
0 0 0 0 0
0 0 0 0 0
0 0 0 0 0
0 0 0 0 0
0 0 0 0 0
0 0 0 0 0
0 0 0 0 0
0 0 0 0 0
0 0 0 0 1
0 0 0 0 1
0 0 0 0 1
0 0 0 0 1
0 0 0 0 1
0 0 0 0 1
0 0 0 0 1
0 0 0 0 1
0 0 0 0 1
0 0 0 0 1
0 0 0 0 1
0 0 0 0 1
0 0 0 0 1
0 0 0 0 1
0 0 0 0 1
0 0 0 0 1
0 0 0 0 1
0 0 0 0 1
0 0 0 0 1
0 0 0 0 1
0 0 0 0 1
0 0 0 0 1
0 0 0 0 1
0 0 0 0 1
0 0 0 0 1
0 0 0 0 1
0 0 0 0 1
0 0 0 0 1
0 0 0 0 1
0 0 0 0 1
0 0 0 0 1
0 0 0 0 1
0 1 0 0 0
0.00734278000891209 1 0 0 0
0 1 0 0 0
0 1 0 0 0
0 1 0 0 0
0 1 0 0 0
0 1 0 0 0
0 1 0 0 0
0 1 0 0 0
0.0166264355812018 1 0 0 0
0 1 0 0 0
0 1 0 0 0
0 1 0 0 0
0 1 0 0 0
0 1 0 0 0
0 1 0 0 0
0 1 0 0 0
0.0123984185051995 1 0 0 0
0.0374801918496814 1 0 0 0
0.0462877578684129 1 0 0 0
0.0119172964332392 1 0 0 0
0.00138208315547672 1 0 0 0
0 1 0 0 0
0.0503618757647928 1 0 0 0
0.0393957816413604 1 0 0 0
0.0477203648188151 1 0 0 0
0.0554831722183735 1 0 0 0
0.16553597379243 1 0 0 0
0.0910104236027109 1 0 0 0
0.135104590299306 1 0 0 0
0.190665809668644 1 0 0 0
0.263789108089441 1 0 0 0
0.344913169101346 1 0 0 0
0.318938860800699 1 0 0 0
0.435099886090029 1 0 0 0
0.454173286925652 1 0 0 0
0.574805933865719 1 0 0 0
0.5160084401723 1 0 0 0
0.355599120666739 1 0 0 0
0.311141466227127 1 0 0 0
0.385821236704942 1 0 0 0
0.413718356867321 1 0 0 0
0.425712158175884 1 0 0 0
0.243698149915872 1 0 0 0
0.314781915221829 1 0 0 0
0.424150788603583 1 0 0 0
0.238984116776919 1 0 0 0
0.259711267972307 1 0 0 0
0.24134986961144 1 0 0 0
0.280854293123411 1 0 0 0
0.18189642435118 1 0 0 0
0.174714159584255 1 0 0 0
0.131340976167849 1 0 0 0
0.0316835912599345 1 0 0 0
0.0736798647267278 1 0 0 0
0.026094861823367 1 0 0 0
0.0476468826491327 1 0 0 0
0.00758474016038235 1 0 0 0
0 1 0 0 0
0 1 0 0 0
0.293590221190243 1 0 0 0
0 1 0 0 0
0.317421743602608 1 0 0 0
0 1 0 0 0
0.292269280862456 1 0 0 0
0.513687056809431 1 0 0 0
0.534068938577548 1 0 0 0
0.70736235647928 1 0 0 0
0.290808662612108 1 0 0 0
0.099748791399179 1 0 0 0
0 1 0 0 0
0 1 0 0 0
0 1 0 0 0
0 1 0 0 0
0 1 0 0 0
0 1 0 0 0
0 1 0 0 0
0 1 0 0 0
0 1 0 0 0
0 1 0 0 0
0 1 0 0 0
0 1 0 0 0
0 1 0 0 0
0 1 0 0 0
0 1 0 0 0
0 1 0 0 0
0 1 0 0 0
0 1 0 0 0
0 1 0 0 0
0 1 0 0 0
0 1 0 0 0
0 1 0 0 0
0 1 0 0 0
0 1 0 0 0
0 1 0 0 0
0 1 0 0 0
0 1 0 0 0
0 1 0 0 0
0 1 0 0 0
0 1 0 0 0
0 1 0 0 0
0 1 0 0 0
0 1 0 0 0
0.0115886796265841 1 0 0 0
0.0316055504754331 1 0 0 0
0.122032310173381 1 0 0 0
0.188369860552484 1 0 0 0
0.300997870340325 1 0 0 0
0.0802809354354395 1 0 0 0
0 1 0 0 0
0 1 0 0 0
0.045868888264522 1 0 0 0
0 1 0 0 0
0 1 0 0 0
0 1 0 0 0
0 1 0 0 0
0 1 0 0 0
0 1 0 0 0
0 1 0 0 0
0 1 0 0 0
0 1 0 0 0
0 1 0 0 0
0 1 0 0 0
0 1 0 0 0
0.0491531563966419 1 0 0 0
0 0 1 0 0
0 0 0 0 0
0 0 0 0 0
0 0 0 0 0
0 0 0 0 0
0 0 0 0 0
0.0492491744807921 0 0 0 0
0 0 0 0 0
0.0184117811841134 0 0 0 0
0.0845344770823431 0 0 0 0
0 0 0 0 0
0 0 0 0 0
0 0 0 0 0
0.00635846663499251 0 0 0 0
0.376556512492243 0 0 0 0
0.0970866051375197 0 0 0 0
0.452026513812598 0 0 0 0
0.698787402143353 0 0 0 0
1.2887668563053 0 0 0 0
1.22716448095161 0 0 0 0
1.69772104709409 0 0 0 0
2.1558177904808 0 0 0 0
2.44628699147142 0 0 0 0
4.33703308226541 0 0 0 0
7.14042328763753 0 0 0 0
10.199146810919 0 0 0 0
8.39839811669663 0 0 0 0
8.26364464592189 0 0 0 0
4.89820772781968 0 0 0 0
3.91818446223624 0 0 0 0
3.02312523126602 0 0 0 0
2.04758574545849 0 0 0 0
1.49452299228869 0 0 0 0
0.50511946392362 0 0 0 0
0.496903011026006 0 0 0 0
0 0 0 0 0
0 0 0 0 0
0 0 0 0 0
0 0 0 0 0
0 0 0 0 0
0 0 0 0 0
0 0 0 0 0
0 0 0 0 0
0 0 0 0 0
2.91271033347584 0 0 0 0
5.36907456989866 0 0 0 0
5.68940187804401 0 0 0 0
4.71954092790838 0 0 0 0
3.07809226796962 0 0 0 0
2.29289050184889 0 0 0 0
1.47147977622808 0 0 0 0
0.310460025502834 0 0 0 0
0.230885224482336 0 0 0 0
0.0560599819436902 0 0 0 0
0.116598608656204 0 0 0 0
0.111884057332645 0 0 0 0
0 0 0 0 0
0 0 0 0 0
0 0 0 0 0
0 0 0 0 0
0 0 0 0 0
0 0 0 0 0
0 0 0 0 0
0 0 0 0 0
0 0 0 0 0
0 0 0 0 0
0 0 0 0 0
0 0 0 0 0
0 0 0 0 0
0 0 0 0 0
0 0 0 0 0
0 0 0 0 0
0 0 0 0 0
0 0 0 0 0
0 0 0 0 0
0 0 0 0 0
0 0 0 0 0
0 0 0 0 0
0 0 0 0 0
0 0 0 0 0
0 0 0 0 0
0 0 0 0 0
0 0 0 0 0
0 0 0 0 0
0.00831247825772152 0 0 0 0
0.0693144747856422 0 0 0 0
0.280862589761455 0 0 0 0
0.180987650310271 0 0 0 0
0.267475468717748 0 0 0 0
0.257744914961222 0 0 0 0
0.151647574966773 0 0 0 0
0.215079215195146 0 0 0 0
0.130698598240997 0 0 0 0
0.176905613614053 0 0 0 0
0.15147663452808 0 0 0 0
0.0899828487490595 0 0 0 0
0.00375388481188565 0 0 0 0
0 0 0 0 0
0.102525578768109 0 0 0 0
0.0586700152780395 0 0 0 0
0.190665242371324 0 0 0 0
0.134666774101788 0 0 0 0
0.225688151090253 0 0 0 0
0.252992846981215 0 0 0 0
0.394137059629429 0 0 0 0
0.332284020259976 0 0 0 0
0.178170026629232 0 0 0 0
0.443653014372103 0 0 0 0
0.451634314231342 0 0 0 0
0.414272217312828 0 0 0 0
0.235447612794815 0 0 0 0
0.425897535023978 0 0 0 0
0.386841133149574 0 0 0 0
0.46332410784089 0 0 0 0
0.354396737748175 0 0 0 0
0.365119360139943 0 0 0 0
0.242872164562868 0 0 0 0
0.453439701232128 0 0 0 0
0.357543311110931 0 0 0 0
0.282286990113789 0 0 0 0
0.159506824275013 0 0 0 0
0 0 0 0 0
0 0 0 0 0
0 0 0 0 0
0 0 0 0 1
0 0 0 0 1
0 0 0 0 1
0 0 0 0 1
0 0 0 0 1
0 0 0 0 1
0 0 0 0 1
0 0 0 0 1
0 0 0 0 1
0 0 0 0 1
0 0 0 0 1
0 0 0 0 1
0 0 0 0 1
0 0 0 0 1
0 0 0 0 1
0 0 0 0 1
0 0 0 0 1
0 0 0 0 1
0 0 0 0 1
0 0 0 0 1
0 0 0 0 1
0.100466145340761 0 0 0 1
0.127407076433883 0 0 0 1
0.0533136058038508 0 0 0 1
0 0 0 0 1
0 0 0 0 1
0 0 0 0 1
0 0 0 0 1
0 0 0 0 1
0 0 0 0 1
0 0 0 0 1
0 0 0 0 1
0.887539456016384 1 0 0 0
0.517466481142037 1 0 0 0
0.868266433826648 1 0 0 0
2.26849562022835 1 0 0 0
3.73249378753826 1 0 0 0
4.18468259158544 1 0 0 0
3.95353854401037 1 0 0 0
2.57889842032455 1 0 0 0
2.18885681169922 1 0 0 0
1.51039849151857 1 0 0 0
1.4952663477743 1 0 0 0
0.831310731882695 1 0 0 0
0.392431716136343 1 0 0 0
0.412135113947443 1 0 0 0
0.406592756917235 1 0 0 0
0.184417420314276 1 0 0 0
0.167742184544295 1 0 0 0
0.0361433740181383 1 0 0 0
0 1 0 0 0
0 1 0 0 0
0 1 0 0 0
0 1 0 0 0
0 1 0 0 0
0 1 0 0 0
0 1 0 0 0
0 1 0 0 0
0 1 0 0 0
0.128552408568794 1 0 0 0
0.296436342068773 1 0 0 0
0.174224428292291 1 0 0 0
0.291084270429565 1 0 0 0
0.0966729137985567 1 0 0 0
0.0733108772692503 1 0 0 0
0.01328470966655 1 0 0 0
0.0880375046108384 1 0 0 0
0 1 0 0 0
0 1 0 0 0
0 1 0 0 0
0 1 0 0 0
0 1 0 0 0
0 1 0 0 0
0 1 0 0 0
0 1 0 0 0
0 1 0 0 0
0 1 0 0 0
0 1 0 0 0
0 1 0 0 0
0 1 0 0 0
0 1 0 0 0
0.0769458238210063 1 0 0 0
0 1 0 0 0
0.0230558212024334 1 0 0 0
0.0234294711844996 1 0 0 0
0.0362387404493347 1 0 0 0
0.0383914002668462 1 0 0 0
0 1 0 0 0
0.012444054846128 1 0 0 0
0.0023762713681208 1 0 0 0
0.0859180010479577 1 0 0 0
0.113067915663123 1 0 0 0
0.215765901884879 1 0 0 0
0.2485667801011 1 0 0 0
0.196188406334841 1 0 0 0
0.198363188246731 1 0 0 0
0.33646901283646 1 0 0 0
0.158210930749192 1 0 0 0
0.157731166837038 1 0 0 0
0.251535703228001 1 0 0 0
0.295567926514195 1 0 0 0
0.262724745880405 1 0 0 0
0.312666878016898 1 0 0 0
0.397743518988136 1 0 0 0
0.33929901837837 1 0 0 0
0.458512833574787 1 0 0 0
0.431486917477741 1 0 0 0
0.451496762252646 1 0 0 0
0.291328133243951 1 0 0 0
0.328310908116691 1 0 0 0
0.224335486223026 1 0 0 0
0.275797033282288 1 0 0 0
0.220422822167166 1 0 0 0
0.181183079121183 1 0 0 0
0.195130847714609 1 0 0 0
0.217617531234282 1 0 0 0
0.197965980987647 1 0 0 0
0.306799783174938 1 0 0 0
0.298553104585153 1 0 0 0
0.466178833448794 1 0 0 0
0.413987221691059 1 0 0 0
0.480714814329986 1 0 0 0
0.424527239374584 1 0 0 0
0.456201280030655 1 0 0 0
0.347701738064643 1 0 0 0
0.278379433439113 1 0 0 0
0.152568794874242 1 0 0 0
0.129575470964483 1 0 0 0
0.0219807043322362 1 0 0 0
0.175438394308003 1 0 0 0
0.0683431462675799 1 0 0 0
0 1 0 0 0
0.042878462409135 1 0 0 0
0.25321388602606 1 0 0 0
0.333657951159694 1 0 0 0
0.298809954983881 1 0 0 0
0.336648250595317 1 0 0 0
0.538715576112736 1 0 0 0
0.468720143544488 1 0 0 0
0.403214559810294 1 0 0 0
0.459972620774352 1 0 0 0
0.420670045059524 1 0 0 0
0.496770260724588 1 0 0 0
0.511055717652198 1 0 0 0
0.641958893538686 1 0 0 0
0.287805263269547 1 0 0 0
0.302139245150101 1 0 0 0
0.156496233103098 1 0 0 0
0.0646552064154093 1 0 0 0
0 1 0 0 0
0 1 0 0 0
0 1 0 0 0
0 1 0 0 0
0 1 0 0 0
0 1 0 0 0
0 1 0 0 0
0 1 0 0 0
0 0 1 0 0
0 0 0 0 0
0 0 0 0 0
0.300513196634711 0 0 0 0
1.24896733541391 0 0 0 0
2.60125393106136 0 0 0 0
2.49333291139919 0 0 0 0
0.781405273301061 0 0 0 0
0.241127338085789 0 0 0 0
0.825621566036716 0 0 0 0
0.0445929890702246 0 0 0 0
0.287024067120001 0 0 0 0
0.318009333568625 0 0 0 0
0.211977207072778 0 0 0 0
0.119626013088237 0 0 0 0
0 0 0 0 0
0 0 0 0 0
0.00339098551194184 0 0 0 0
0 0 0 0 0
0 0 0 0 0
0 0 0 0 0
0 0 0 0 0
0 0 0 0 0
0 0 0 0 0
0 0 0 0 0
0 0 0 0 0
0 0 0 0 0
0 0 0 0 0
0 0 0 0 0
0 0 0 0 0
0.0189053789654281 0 0 0 0
0.189896720257821 0 0 0 0
0.241001645463257 0 0 0 0
0.407490873499228 0 0 0 0
0.310184577415384 0 0 0 0
0.507932927575894 0 0 0 0
0.513995466462802 0 0 0 0
0.621336341282586 0 0 0 0
0.269538737484254 0 0 0 0
0.306740199448541 0 0 0 0
0.45267351106304 0 0 0 0
0.484796000819188 0 0 0 0
0.412307173974114 0 0 0 0
0.680686796840746 0 0 0 0
0.754285254515707 0 0 0 0
0.784926538472064 0 0 0 0
0.903873413335532 0 0 0 0
0.958667027589399 0 0 0 0
1.0018932443927 0 0 0 0
1.31272601720411 0 0 0 0
0.906178385776002 0 0 0 0
0.779561683884822 0 0 0 0
0.493346349685453 0 0 0 0
0.398975840653293 0 0 0 0
0.351404627878082 0 0 0 0
0.223743963942979 0 0 0 0
0.154096953338012 0 0 0 0
0.0757560119382106 0 0 0 0
0 0 0 0 0
0.012398096259858 0 0 0 0
0 0 0 0 0
0 0 0 0 0
0.0775265950778703 0 0 0 0
0.101959280073061 0 0 0 0
0.116291448648553 0 0 0 0
0.345830152582494 0 0 0 0
0.409281490647118 0 0 0 0
0.793402019553469 0 0 0 0
0.485141290482716 0 0 0 0
1.2152377385064 0 0 0 0
1.62105695926584 0 0 0 0
2.45580784394406 0 0 0 0
3.07678407989442 0 0 0 0
3.79140724544413 0 0 0 0
2.78434876236133 0 0 0 0
2.24153001909144 0 0 0 0
1.74252122815233 0 0 0 0
1.46660965401679 0 0 0 0
1.19841197738424 0 0 0 0
0.830842149298405 0 0 0 0
0.380133133148775 0 0 0 0
0.553298312297557 0 0 0 0
0.270782609732123 0 0 0 0
0.167237369169015 0 0 0 0
0.146751059446615 0 0 0 0
0.161890675371978 0 0 0 0
0.537547964995611 0 0 0 0
0.372602376955911 0 0 0 0
0.052903124014847 0 0 0 0
0.221787115151528 0 0 0 0
0.648790881314198 0 0 0 0
1.46633318945533 0 0 0 0
2.12061253841966 0 0 0 0
2.38270527916029 0 0 0 0
1.50224348180927 0 0 0 0
0.981205892458092 0 0 0 0
0.927722932829056 0 0 0 0
0.769358299294254 0 0 0 0
0.398447772568034 0 0 0 0
0.292954444375937 0 0 0 0
0.137214409733133 0 0 0 0
0.169460945471656 0 0 0 0
0 0 0 0 0
0 0 0 0 0
0 0 0 0 0
0 0 0 0 0
0 0 0 0 0
0 0 0 0 0
0 0 0 0 0
0 0 0 0 0
0 0 0 0 0
0 0 0 0 0
0.0415709773733397 0 0 0 0
0.241569475292636 0 0 0 0
0.438450877481955 0 0 0 0
0.410689592172275 0 0 0 0
0.465793616967858 0 0 0 0
0.492713326821104 0 0 0 0
0.446538906544447 0 0 0 0
0.472418447316159 0 0 0 0
0.319581482472131 0 0 0 0
0.25057148286578 0 0 0 0
0.330018255226605 0 0 0 0
0.4189467181277 0 0 0 0
0.46900464076316 0 0 0 1
0.512195018018247 0 0 0 1
0.515101122573469 0 0 0 1
0.270412718236912 0 0 0 1
0.193796453459072 0 0 0 1
0 0 0 0 1
0 0 0 0 1
0 0 0 0 1
0 0 0 0 1
0 0 0 0 1
0.924090743865236 0 0 0 1
7.61395960580558 0 0 0 1
15.7250110059977 0 0 0 1
22.5774839054793 0 0 0 1
26.2974281795323 0 0 0 1
26.9918795675039 0 0 0 1
25.1171719282866 0 0 0 1
19.3638703785837 0 0 0 1
14.5491012372077 0 0 0 1
10.6719695031643 0 0 0 1
8.67691682651639 0 0 0 1
6.22739910613745 0 0 0 1
4.155317787081 0 0 0 1
2.89951483136974 0 0 0 1
2.03586957650259 0 0 0 1
1.45007470564451 0 0 0 1
1.06911844341084 0 0 0 1
0.732723026885651 0 0 0 1
0.707614090060815 0 0 0 1
0.71694369398756 0 0 0 1
0.747016765672015 0 0 0 1
1.10368224704871 0 0 0 1
